gene topology T1 T2
1 ABC 106.411 67.009
2 ABC 106.411 67.009
3 ABC 106.411 67.009
4 ABC 106.411 67.009
5 ABC 106.411 67.009
6 ABC 106.411 67.009
7 ABC 106.411 67.009
8 ABC 106.411 67.009
9 ABC 106.411 20.625
10 ABC 106.411 67.009
11 ABC 106.411 67.009
12 ABC 106.411 67.009
13 ABC 106.411 67.009
14 ABC 106.411 67.009
15 ABC 102.769 67.009
16 ABC 96.761 67.009
17 ABC 106.411 67.009
18 ABC 106.411 67.009
19 ABC 106.411 67.009
20 ABC 106.411 67.009
21 ABC 60.288 47.719
22 ABC 106.411 67.009
23 ABC 106.411 1.236
24 ABC 106.411 67.009
25 ABC 106.411 67.009
26 ABC 106.411 67.009
27 ABC 106.411 67.009
28 ABC 87.745 67.009
29 ABC 100.34 67.009
30 ABC 106.411 67.009
31 ABC 101.232 67.009
32 ABC 106.411 12.897
33 ABC 106.411 67.009
34 ABC 106.411 67.009
35 ABC 106.411 54.718
36 ABC 106.411 67.009
37 ABC 106.411 47.705
38 ABC 106.411 67.009
39 ABC 101.86 67.009
40 ABC 91.949 67.009
41 ABC 106.411 84.927
42 ABC 98.594 67.009
43 ABC 106.411 67.009
44 ABC 88.715 42.389
45 ABC 87.745 67.009
46 ABC 106.411 67.009
47 ABC 106.411 36.658
48 ABC 106.411 67.009
49 ABC 106.411 64.066
50 ABC 103.582 67.009
51 ABC 106.411 67.009
52 ABC 106.411 67.009
53 ABC 106.411 67.009
54 ABC 106.411 35.456
55 ABC 106.411 67.009
56 ABC 106.411 67.009
57 ABC 106.411 67.009
58 ABC 106.411 67.009
59 ABC 105.745 67.009
60 ABC 87.745 67.009
61 ABC 106.411 67.009
62 ABC 106.411 67.009
63 ABC 69.556 67.009
64 ABC 106.411 67.009
65 ABC 106.411 67.009
66 ABC 99.704 67.009
67 ABC 106.411 67.009
68 ABC 82.998 67.009
69 ABC 106.411 67.009
70 ABC 106.411 67.009
71 ABC 106.411 67.009
72 ABC 88.086 67.009
73 ABC 106.411 67.009
74 ABC 106.411 67.009
75 ABC 106.411 67.009
76 ABC 106.411 67.009
77 ABC 106.411 67.009
78 ABC 106.411 67.009
79 ABC 106.411 32.325
80 ABC 96.417 67.009
81 ABC 106.411 67.009
82 ABC 106.411 19.328
83 ABC 91.201 67.009
84 ABC 68.905 67.009
85 ABC 96.878 67.009
86 ABC 106.411 67.009
87 ABC 106.411 27.74
88 ABC 106.411 67.009
89 ABC 106.411 67.009
90 ABC 88.322 67.009
91 ABC 103.006 67.009
92 ABC 106.411 67.009
93 ABC 106.411 67.009
94 ABC 106.411 67.009
95 ABC 106.411 67.009
96 ABC 106.411 67.009
97 ABC 106.411 47.333
98 ABC 106.411 67.009
99 ABC 106.411 67.009
100 ABC 106.411 67.009
101 ABC 80.804 67.009
102 ABC 106.411 67.009
103 ABC 106.411 67.009
104 ABC 106.411 67.009
105 ABC 106.411 67.009
106 ABC 106.411 67.009
107 ABC 106.411 67.009
108 ABC 106.411 67.009
109 ABC 106.411 67.009
110 ABC 84.183 67.009
111 ABC 106.411 67.009
112 ABC 106.411 67.009
113 ABC 75.94 67.009
114 ABC 106.411 56.125
115 ABC 106.411 67.009
116 ABC 106.411 12.724
117 ABC 25.674 12.643
118 ABC 106.411 67.009
119 ABC 106.411 67.009
120 ABC 83.358 67.009
121 ABC 106.411 67.009
122 ABC 105.052 67.009
123 ABC 106.411 81.105
124 ABC 106.411 67.009
125 ABC 106.411 67.009
126 ABC 106.411 67.009
127 ABC 106.411 67.009
128 ABC 106.411 67.009
129 ABC 106.411 67.009
130 ABC 106.411 67.009
131 ABC 106.411 16.845
132 ABC 106.411 67.009
133 ABC 79.252 67.009
134 ABC 106.411 67.009
135 ABC 87.745 67.009
136 ABC 100.804 67.009
137 ABC 106.411 67.009
138 ABC 106.411 39.062
139 ABC 80.611 55.956
140 ABC 106.411 67.009
141 ABC 106.411 67.009
142 ABC 106.411 67.009
143 ABC 106.411 67.009
144 ABC 106.411 67.009
145 ABC 67.009 31.43
146 ABC 106.411 67.009
147 ABC 106.411 67.009
148 ABC 85.698 67.009
149 ABC 88.778 67.009
150 ABC 92.359 67.009
151 ABC 106.411 67.009
152 ABC 106.411 67.009
153 ABC 106.411 67.009
154 ABC 106.411 67.009
155 ABC 106.411 67.009
156 ABC 106.411 67.009
157 ABC 87.745 67.009
158 ABC 90.37 67.009
159 ABC 87.745 67.009
160 ABC 106.411 67.009
161 ABC 106.411 67.009
162 ABC 106.411 67.009
163 ABC 106.411 67.009
164 ABC 88.848 67.009
165 ABC 106.411 67.009
166 ABC 106.411 67.009
167 ABC 106.411 67.009
168 ABC 106.411 67.009
169 ABC 45.043 43.212
170 ABC 100.07 67.009
171 ABC 106.411 67.009
172 ABC 106.411 67.009
173 ABC 106.411 67.009
174 ABC 106.411 60.942
175 ABC 106.411 67.009
176 ABC 82.311 67.009
177 ABC 106.411 65.588
178 ABC 106.411 67.009
179 ABC 104.525 67.009
180 ABC 106.411 67.009
181 ABC 106.411 67.009
182 ABC 78.283 67.009
183 ABC 77.862 67.009
184 ABC 106.411 67.009
185 ABC 106.411 67.009
186 ABC 106.411 67.009
187 ABC 106.411 67.009
188 ABC 106.411 67.009
189 ABC 106.411 30.67
190 ABC 106.411 61.728
191 ABC 106.411 19.328
192 ABC 106.411 67.009
193 ABC 102.368 67.009
194 ABC 106.411 67.009
195 ABC 106.411 67.009
196 ABC 106.411 51.806
197 ABC 106.411 67.009
198 ABC 106.411 67.009
199 ABC 106.411 67.009
200 ABC 106.411 67.009
201 ABC 67.768 67.009
202 ABC 106.411 67.009
203 ABC 106.411 59.941
204 ABC 87.745 6.168
205 ABC 100.088 67.009
206 ABC 106.411 67.009
207 ABC 106.411 67.009
208 ABC 103.456 67.009
209 ABC 106.411 67.009
210 ABC 106.411 67.009
211 ABC 106.411 67.009
212 ABC 106.411 67.009
213 ABC 106.411 67.009
214 ABC 106.411 67.009
215 ABC 106.411 67.009
216 ABC 92.858 67.009
217 ABC 106.411 67.009
218 ABC 87.745 67.009
219 ABC 71.568 67.009
220 ABC 106.411 67.009
221 ABC 103.18 67.009
222 ABC 106.411 67.009
223 ABC 106.411 67.009
224 ABC 106.411 67.009
225 ABC 103.194 67.009
226 ABC 106.411 67.009
227 ABC 91.252 67.009
228 ABC 106.411 67.009
229 ABC 106.411 67.009
230 ABC 106.411 67.009
231 ABC 67.009 19.328
232 ABC 92.529 67.009
233 ABC 106.411 67.009
234 ABC 90.036 67.009
235 ABC 105.309 32.684
236 ABC 76.058 67.009
237 ABC 106.411 67.009
238 ABC 106.411 67.009
239 ABC 87.745 67.009
240 ABC 106.411 67.009
241 ABC 106.411 67.009
242 ABC 91.824 36.599
243 ABC 106.411 67.009
244 ABC 106.411 67.246
245 ABC 106.411 51.214
246 ABC 33.959 26.764
247 ABC 102.879 67.009
248 ABC 106.411 67.009
249 ABC 82.119 67.009
250 ABC 106.411 67.009
251 ABC 40.452 31.189
252 ABC 106.411 67.009
253 ABC 106.411 67.009
254 ABC 106.411 67.009
255 ABC 88.777 67.009
256 ABC 106.411 67.009
257 ABC 82.994 67.009
258 ABC 106.411 67.009
259 ABC 106.411 67.009
260 ABC 106.411 67.009
261 ABC 87.745 67.009
262 ABC 106.411 67.009
263 ABC 106.411 5.536
264 ABC 106.411 67.009
265 ABC 106.411 67.009
266 ABC 106.411 67.009
267 ABC 106.411 67.009
268 ABC 106.411 67.009
269 ABC 106.411 67.009
270 ABC 106.411 67.009
271 ABC 106.411 52.201
272 ABC 106.411 67.009
273 ABC 106.411 67.009
274 ABC 98.272 5.85
275 ABC 103.316 67.009
276 ABC 106.411 67.009
277 ABC 100.711 59.008
278 ABC 106.411 67.009
279 ABC 87.745 67.009
280 ABC 106.411 67.009
281 ABC 106.411 67.009
282 ABC 106.411 67.009
283 ABC 106.411 67.009
284 ABC 93.138 67.009
285 ABC 106.411 67.009
286 ABC 106.411 67.009
287 ABC 106.411 67.009
288 ABC 106.411 67.009
289 ABC 106.411 67.009
290 ABC 106.411 30.758
291 ABC 106.411 67.009
292 ABC 106.411 67.009
293 ABC 106.411 67.009
294 ABC 106.411 67.009
295 ABC 106.411 67.009
296 ABC 106.411 67.009
297 ABC 106.411 67.009
298 ABC 106.411 67.009
299 ABC 106.411 67.009
300 ABC 106.411 67.009
301 ABC 106.411 67.009
302 ABC 106.411 67.009
303 ABC 106.411 67.009
304 ABC 106.411 67.009
305 ABC 106.411 67.009
306 ABC 106.411 67.009
307 ABC 106.411 45.015
308 ABC 102.729 67.009
309 ABC 106.411 67.009
310 ABC 106.411 57.199
311 ABC 106.411 67.009
312 ABC 106.411 67.009
313 ABC 106.411 67.009
314 ABC 106.411 67.009
315 ABC 106.411 67.009
316 ABC 106.411 67.009
317 ABC 106.411 67.009
318 ABC 106.411 67.009
319 ABC 106.411 67.009
320 ABC 106.411 67.009
321 ABC 106.411 67.009
322 ABC 106.411 67.009
323 ABC 106.411 67.009
324 ABC 79.206 67.009
325 ABC 87.745 67.009
326 ABC 106.411 67.009
327 ABC 57.606 4.169
328 ABC 87.745 67.009
329 ABC 92.514 67.009
330 ABC 106.411 50.808
331 ABC 106.411 49.867
332 ABC 106.411 67.009
333 ABC 106.411 67.009
334 ABC 106.411 67.009
335 ABC 106.411 67.009
336 ABC 106.411 67.009
337 ABC 106.411 67.009
338 ABC 106.411 1.124
339 ABC 106.411 67.009
340 ABC 106.411 67.009
341 ABC 106.411 67.009
342 ABC 83.381 67.009
343 ABC 106.411 67.009
344 ABC 106.411 67.009
345 ABC 94.398 67.009
346 ABC 106.411 67.009
347 ABC 106.411 67.009
348 ABC 106.411 67.009
349 ABC 106.411 67.009
350 ABC 106.411 67.009
351 ABC 106.411 67.009
352 ABC 106.411 8.372
353 ABC 106.411 67.009
354 ABC 106.411 67.009
355 ABC 106.411 67.009
356 ABC 106.411 67.009
357 ABC 106.411 67.009
358 ABC 106.411 67.009
359 ABC 106.411 67.009
360 ABC 106.411 67.009
361 ABC 102.041 67.009
362 ABC 106.411 67.009
363 ABC 69.401 67.009
364 ABC 106.411 67.009
365 ABC 89.471 34.105
366 ABC 98.942 67.009
367 ABC 106.411 67.009
368 ABC 106.411 67.009
369 ABC 106.411 67.009
370 ABC 106.411 67.009
371 ABC 106.411 67.009
372 ABC 92.134 67.009
373 ABC 106.411 67.009
374 ABC 106.411 66.649
375 ABC 106.411 67.009
376 ABC 106.411 67.009
377 ABC 106.411 67.009
378 ABC 106.411 67.009
379 ABC 106.411 67.009
380 ABC 106.411 67.009
381 ABC 106.411 67.009
382 ABC 106.411 67.009
383 ABC 106.411 67.009
384 ABC 106.411 67.009
385 ABC 106.411 67.009
386 ABC 73.818 67.009
387 ABC 98.97 67.009
388 ABC 90.638 67.009
389 ABC 106.411 67.009
390 ABC 106.411 67.009
391 ABC 106.411 67.009
392 ABC 106.411 43.885
393 ABC 106.411 67.009
394 ABC 106.411 67.009
395 ABC 106.411 67.009
396 ABC 106.411 67.009
397 ABC 106.411 67.009
398 ABC 81.199 27.528
399 ABC 106.411 67.009
400 ABC 106.411 67.009
401 ABC 67.009 6.928
402 ABC 106.411 67.009
403 ABC 106.411 67.009
404 ABC 106.411 67.009
405 ABC 106.411 67.009
406 ABC 106.411 67.009
407 ABC 106.411 67.009
408 ABC 106.411 67.009
409 ABC 106.411 67.009
410 ABC 106.411 67.009
411 ABC 106.411 67.009
412 ABC 68.721 67.009
413 ABC 106.411 67.009
414 ABC 93.452 67.009
415 ABC 106.411 67.009
416 ABC 106.411 33.119
417 ABC 106.411 67.009
418 ABC 104.885 67.009
419 ABC 106.411 67.009
420 ABC 106.411 50.816
421 ABC 106.411 67.009
422 ABC 106.411 67.009
423 ABC 106.411 67.009
424 ABC 106.411 67.009
425 ABC 77.39 67.009
426 ABC 94.553 67.009
427 ABC 106.411 67.009
428 ABC 106.411 67.009
429 ABC 89.013 48.064
430 ABC 106.411 67.009
431 ABC 106.411 67.009
432 ABC 87.745 67.009
433 ABC 106.411 67.009
434 ABC 106.411 67.009
435 ABC 106.411 37.576
436 ABC 106.411 67.009
437 ABC 106.411 67.009
438 ABC 106.411 67.009
439 ABC 93.592 67.009
440 ABC 84.442 67.009
441 ABC 106.411 67.009
442 ABC 106.411 67.009
443 ABC 106.411 40.353
444 ABC 106.411 67.009
445 ABC 106.411 67.009
446 ABC 106.411 67.009
447 ABC 106.411 67.009
448 ABC 106.411 67.009
449 ABC 106.411 67.009
450 ABC 89.572 67.009
451 ABC 106.411 67.009
452 ABC 106.411 67.009
453 ABC 106.411 67.009
454 ABC 106.411 52.647
455 ABC 102.728 67.009
456 ABC 106.411 67.009
457 ABC 86.826 67.009
458 ABC 92.261 62.559
459 ABC 106.411 67.009
460 ABC 15.469 5.82
461 ABC 67.358 67.009
462 ABC 106.411 67.009
463 ABC 106.411 67.009
464 ABC 99.978 67.009
465 ABC 106.411 67.009
466 ABC 106.411 22.366
467 ABC 106.411 67.009
468 ABC 106.411 67.009
469 ABC 106.411 67.009
470 ABC 106.411 67.009
471 ABC 106.411 67.009
472 ABC 106.411 67.009
473 ABC 106.411 67.009
474 ABC 106.411 61.999
475 ABC 106.411 67.009
476 ABC 106.411 63.391
477 ABC 106.411 67.009
478 ABC 106.411 67.009
479 ABC 106.411 67.009
480 ABC 106.411 67.009
481 ABC 106.411 67.009
482 ABC 84.593 67.009
483 ABC 106.411 67.009
484 ABC 106.411 65.505
485 ABC 106.411 67.009
486 ABC 106.411 67.009
487 ABC 106.411 12.263
488 ABC 106.411 67.009
489 ABC 106.411 67.009
490 ABC 106.411 67.009
491 ABC 96.176 67.009
492 ABC 93.501 67.009
493 ABC 88.029 67.009
494 ABC 106.411 67.009
495 ABC 106.411 67.009
496 ABC 106.411 67.009
497 ABC 106.411 67.009
498 ABC 106.411 67.009
499 ABC 68.728 67.009
500 ABC 106.411 67.009
501 ABC 65.624 32.585
502 ABC 106.411 67.009
503 ABC 77.85 67.009
504 ABC 106.411 67.009
505 ABC 106.411 67.009
506 ABC 106.411 67.009
507 ABC 106.411 67.009
508 ABC 106.411 67.009
509 ABC 76.245 67.009
510 ABC 106.411 67.009
511 ABC 106.411 55.275
512 ABC 106.411 67.009
513 ABC 106.411 67.009
514 ABC 106.411 67.009
515 ABC 106.411 67.009
516 ABC 84.348 67.009
517 ABC 101.572 67.009
518 ABC 106.411 30.982
519 ABC 106.411 67.009
520 ABC 106.411 67.009
521 ABC 106.411 67.009
522 ABC 106.411 67.009
523 ABC 77.867 22.835
524 ABC 106.411 67.009
525 ABC 82.423 67.009
526 ABC 106.411 67.009
527 ABC 106.411 67.009
528 ABC 100.022 67.009
529 ABC 106.411 67.009
530 ABC 93.533 67.009
531 ABC 106.411 67.009
532 ABC 106.411 67.009
533 ABC 106.411 33.781
534 ABC 106.411 67.009
535 ABC 106.411 67.009
536 ABC 87.745 87.345
537 ABC 106.411 61.755
538 ABC 106.411 67.009
539 ABC 106.411 67.009
540 ABC 68.259 67.009
541 ABC 106.411 67.009
542 ABC 87.745 67.009
543 ABC 104.198 57.602
544 ABC 106.411 56.278
545 ABC 98.747 67.009
546 ABC 106.411 67.009
547 ABC 106.411 75.508
548 ABC 106.411 67.009
549 ABC 90.276 67.009
550 ABC 106.411 67.009
551 ABC 106.411 67.009
552 ABC 106.411 67.009
553 ABC 104.64 67.009
554 ABC 102.234 67.009
555 ABC 71.226 67.009
556 ABC 69.96 67.009
557 ABC 106.411 67.009
558 ABC 100.075 67.009
559 ABC 106.411 67.009
560 ABC 106.411 67.009
561 ABC 106.411 67.009
562 ABC 106.411 67.009
563 ABC 106.411 67.009
564 ABC 87.745 64.678
565 ABC 106.411 67.009
566 ABC 106.411 67.009
567 ABC 106.411 67.009
568 ABC 106.411 67.009
569 ABC 106.411 67.009
570 ABC 106.411 67.009
571 ABC 89.276 67.009
572 ABC 88.85 67.009
573 ABC 88.647 67.009
574 ABC 106.411 67.009
575 ABC 106.411 67.009
576 ABC 106.411 67.009
577 ABC 106.411 67.009
578 ABC 80.317 67.009
579 ABC 106.411 67.009
580 ABC 106.411 67.009
581 ABC 106.411 67.009
582 ABC 106.411 67.009
583 ABC 106.411 67.009
584 ABC 89.494 67.009
585 ABC 106.411 67.009
586 ABC 106.411 67.009
587 ABC 80.507 67.009
588 ABC 106.411 47.364
589 ABC 106.411 67.009
590 ABC 106.411 67.009
591 ABC 106.411 67.009
592 ABC 106.411 61.684
593 ABC 106.411 67.009
594 ABC 106.411 67.009
595 ABC 54.675 32.661
596 ABC 106.411 45.251
597 ABC 106.411 67.009
598 ABC 106.411 67.009
599 ABC 71.582 67.009
600 ABC 106.411 67.009
601 ABC 106.411 67.009
602 ABC 106.411 40.72
603 ABC 106.411 67.009
604 ABC 106.411 67.009
605 ABC 106.411 67.009
606 ABC 106.411 67.009
607 ABC 106.411 67.009
608 ABC 106.411 67.009
609 ABC 106.411 67.009
610 ABC 106.411 67.009
611 ABC 99.545 61.389
612 ABC 106.411 67.009
613 ABC 52.093 37.066
614 ABC 106.411 67.009
615 ABC 106.411 67.009
616 ABC 106.411 67.009
617 ABC 106.411 67.009
618 ABC 106.411 67.009
619 ABC 106.411 67.009
620 ABC 106.411 67.009
621 ABC 106.411 67.009
622 ABC 106.411 67.009
623 ABC 106.411 67.009
624 ABC 87.745 67.009
625 ABC 106.411 67.009
626 ABC 93.503 67.009
627 ABC 87.745 57.224
628 ABC 106.411 67.009
629 ABC 85.311 67.009
630 ABC 106.411 67.009
631 ABC 103.902 9.498
632 ABC 106.411 45.478
633 ABC 106.411 67.009
634 ABC 92.3 67.009
635 ABC 76.415 67.009
636 ABC 106.411 17.511
637 ABC 106.411 67.009
638 ABC 106.411 67.009
639 ABC 106.411 48.432
640 ABC 106.411 50.426
641 ABC 106.411 67.009
642 ABC 106.411 67.009
643 ABC 106.411 67.009
644 ABC 106.411 0.107
645 ABC 98.327 67.009
646 ABC 106.411 67.009
647 ABC 106.411 25.673
648 ABC 106.411 67.009
649 ABC 106.411 67.009
650 ABC 106.411 67.009
651 ABC 106.411 67.009
652 ABC 106.411 67.009
653 ABC 106.411 67.009
654 ABC 106.411 67.009
655 ABC 106.411 67.009
656 ABC 106.411 67.009
657 ABC 87.745 67.009
658 ABC 85.286 67.009
659 ABC 106.411 60.747
660 ABC 88.81 67.009
661 ABC 106.411 67.009
662 ABC 106.411 67.009
663 ABC 106.411 67.009
664 ABC 106.411 67.009
665 ABC 73.224 67.009
666 ABC 106.411 30.457
667 ABC 106.411 67.009
668 ABC 106.411 67.009
669 ABC 106.411 67.009
670 ABC 106.411 67.009
671 ABC 106.411 67.009
672 ABC 106.411 67.009
673 ABC 106.411 67.009
674 ABC 106.411 61.608
675 ABC 106.411 51.634
676 ABC 106.411 66.053
677 ABC 106.411 67.009
678 ABC 69.344 67.009
679 ABC 106.411 67.009
680 ABC 106.411 67.009
681 ABC 93.114 67.009
682 ABC 68.572 67.009
683 ABC 105.923 67.009
684 ABC 106.411 67.009
685 ABC 106.411 50.028
686 ABC 106.411 67.009
687 ABC 106.411 67.009
688 ABC 106.411 67.009
689 ABC 106.411 67.009
690 ABC 106.411 67.009
691 ABC 104.503 67.009
692 ABC 106.411 67.009
693 ABC 106.411 67.009
694 ABC 87.745 27.067
695 ABC 85.079 67.009
696 ABC 72.253 67.009
697 ABC 106.411 67.009
698 ABC 106.411 67.009
699 ABC 106.411 54.026
700 ABC 106.411 67.009
701 ABC 106.411 67.009
702 ABC 106.411 67.009
703 ABC 106.411 67.009
704 ABC 106.411 67.009
705 ABC 106.411 67.009
706 ABC 94.78 67.009
707 ABC 106.411 67.009
708 ABC 106.411 67.009
709 ABC 106.411 67.009
710 ABC 106.411 67.009
711 ABC 106.411 4.755
712 ABC 106.411 67.009
713 ABC 106.411 67.009
714 ABC 106.411 67.009
715 ABC 106.411 67.009
716 ABC 106.411 67.009
717 ABC 106.411 67.009
718 ABC 106.411 67.009
719 ABC 106.411 67.009
720 ABC 106.411 67.009
721 ABC 87.78 67.009
722 ABC 106.411 67.009
723 ABC 88.22 67.009
724 ABC 106.411 67.009
725 ABC 106.411 55.201
726 ABC 106.411 67.009
727 ABC 104.613 67.009
728 ABC 20.465 0.741
729 ABC 102.327 67.009
730 ABC 106.411 67.009
731 ABC 106.411 67.009
732 ABC 106.411 67.009
733 ABC 106.411 67.009
734 ABC 106.411 67.009
735 ABC 106.411 67.009
736 ABC 100.853 67.009
737 ABC 106.411 67.009
738 ABC 97.034 67.009
739 ABC 106.411 67.009
740 ABC 101.172 67.009
741 ABC 106.411 67.009
742 ABC 106.411 67.009
743 ABC 106.411 67.009
744 ABC 106.411 67.009
745 ABC 106.411 67.009
746 ABC 79.682 67.009
747 ABC 106.411 67.009
748 ABC 106.411 22.569
749 ABC 77.881 67.009
750 ABC 106.411 67.009
751 ABC 106.411 52.742
752 ABC 106.411 67.009
753 ABC 87.745 67.009
754 ABC 106.411 34.28
755 ABC 106.411 67.009
756 ABC 106.411 7.263
757 ABC 106.411 67.009
758 ABC 106.411 67.009
759 ABC 106.411 10.504
760 ABC 106.411 67.009
761 ABC 106.411 67.009
762 ABC 106.411 67.009
763 ABC 106.411 67.009
764 ABC 97.817 67.009
765 ABC 98.812 67.009
766 ABC 106.411 49.977
767 ABC 90.969 22.531
768 ABC 106.411 67.009
769 ABC 106.411 67.009
770 ABC 106.411 67.009
771 ABC 106.411 67.009
772 ABC 106.411 67.009
773 ABC 106.411 67.009
774 ABC 106.411 67.009
775 ABC 106.411 67.009
776 ABC 92.144 67.009
777 ABC 106.411 67.009
778 ABC 95.851 67.009
779 ABC 106.411 67.009
780 ABC 106.411 67.009
781 ABC 106.411 67.009
782 ABC 106.411 67.009
783 ABC 106.411 67.009
784 ABC 106.411 67.009
785 ABC 106.411 67.009
786 ABC 106.411 67.009
787 ABC 106.411 59.894
788 ABC 67.009 26.437
789 ABC 97.192 67.009
790 ABC 106.411 38.775
791 ABC 106.411 67.009
792 ABC 106.411 67.009
793 ABC 106.411 67.009
794 ABC 106.411 67.009
795 ABC 70.346 62.443
796 ABC 106.411 67.009
797 ABC 87.745 36.424
798 ABC 106.411 67.009
799 ABC 106.411 67.009
800 ABC 106.411 67.009
801 ABC 106.411 67.009
802 ABC 106.411 67.009
803 ABC 84.329 19.305
804 ABC 106.411 67.009
805 ABC 106.411 67.009
806 ABC 106.411 67.009
807 ABC 106.411 67.009
808 ABC 106.411 27.941
809 ABC 106.411 67.009
810 ABC 106.411 67.009
811 ABC 106.411 53.905
812 ABC 87.745 69.937
813 ABC 106.411 67.009
814 ABC 106.411 40.471
815 ABC 106.411 67.009
816 ABC 96.79 67.009
817 ABC 106.411 66.679
818 ABC 105.364 67.009
819 ABC 106.411 67.009
820 ABC 106.411 67.009
821 ABC 106.411 19.328
822 ABC 106.411 67.009
823 ABC 106.411 67.009
824 ABC 106.411 67.009
825 ABC 106.411 31.872
826 ABC 106.411 67.009
827 ABC 87.745 13.384
828 ABC 67.009 0.44
829 ABC 106.411 67.009
830 ABC 101.144 40.235
831 ABC 106.411 44.246
832 ABC 106.411 67.009
833 ABC 106.411 67.009
834 ABC 106.411 67.009
835 ABC 106.411 67.009
836 ABC 106.411 67.009
837 ABC 106.411 67.009
838 ABC 106.411 53.664
839 ABC 106.411 44.098
840 ABC 106.411 67.009
841 ABC 106.411 67.009
842 ABC 106.411 67.009
843 ABC 87.745 67.009
844 ABC 106.411 48.167
845 ABC 106.411 67.009
846 ABC 89.193 67.009
847 ABC 106.411 67.009
848 ABC 106.411 67.009
849 ABC 87.745 67.009
850 ABC 98.087 67.009
851 ABC 106.411 67.009
852 ABC 106.411 67.009
853 ABC 106.411 67.009
854 ABC 106.411 34.562
855 ABC 87.745 67.009
856 ABC 106.411 67.009
857 ABC 106.411 52.545
858 ABC 106.411 67.009
859 ABC 106.411 35.3
860 ABC 106.411 67.009
861 ABC 87.745 69.034
862 ABC 87.745 70.443
863 ABC 99.928 67.009
864 ABC 106.411 67.009
865 ABC 106.411 67.009
866 ABC 106.411 0.348
867 ABC 106.411 67.009
868 ABC 106.411 67.009
869 ABC 106.411 67.009
870 ABC 106.411 67.009
871 ABC 106.411 67.009
872 ABC 106.411 67.009
873 ABC 106.411 67.009
874 ABC 106.411 67.009
875 ABC 106.411 33.254
876 ABC 87.745 3.445
877 ABC 106.411 67.009
878 ABC 106.411 67.009
879 ABC 106.411 67.009
880 ABC 106.411 67.009
881 ABC 106.411 67.009
882 ABC 94.621 67.009
883 ABC 106.411 67.009
884 ABC 106.411 51.345
885 ABC 106.411 67.009
886 ABC 106.411 67.009
887 ABC 106.411 67.009
888 ABC 98.934 67.009
889 ABC 106.411 67.009
890 ABC 106.411 67.009
891 ABC 87.745 67.009
892 ABC 106.411 19.328
893 ABC 106.411 67.009
894 ABC 106.411 67.009
895 ABC 106.411 67.009
896 ABC 106.411 35.772
897 ABC 106.411 67.009
898 ABC 106.411 67.009
899 ABC 106.411 67.009
900 ABC 106.411 58.242
901 ABC 106.411 67.009
902 ABC 106.411 67.009
903 ABC 101.155 67.009
904 ABC 106.411 67.009
905 ABC 106.411 67.009
906 ABC 106.411 67.009
907 ABC 77.525 67.009
908 ABC 106.411 67.009
909 ABC 106.411 67.009
910 ABC 106.411 60.145
911 ABC 106.411 67.009
912 ABC 106.411 67.009
913 ABC 106.411 67.009
914 ABC 106.411 67.009
915 ABC 106.411 67.009
916 ABC 103.336 67.009
917 ABC 106.411 67.009
918 ABC 106.411 67.009
919 ABC 106.411 67.009
920 ABC 106.411 67.009
921 ABC 86.818 67.009
922 ABC 90.68 67.009
923 ABC 106.411 67.009
924 ABC 106.411 67.009
925 ABC 106.411 67.009
926 ABC 93.787 67.009
927 ABC 72.186 67.009
928 ABC 106.411 67.009
929 ABC 102.491 67.009
930 ABC 106.411 67.009
931 ABC 106.411 67.009
932 ABC 106.411 67.009
933 ABC 85.971 67.009
934 ABC 87.745 43.115
935 ABC 106.411 67.009
936 ABC 67.009 25.985
937 ABC 106.411 62.896
938 ABC 106.411 67.009
939 ABC 106.411 67.009
940 ABC 106.411 67.009
941 ABC 71.279 67.009
942 ABC 44.439 1.682
943 ABC 106.411 67.009
944 ABC 101.493 67.009
945 ABC 106.411 67.009
946 ABC 106.411 50.778
947 ABC 106.411 67.009
948 ABC 106.411 67.009
949 ABC 106.411 67.009
950 ABC 106.411 67.009
951 ABC 106.411 67.009
952 ABC 106.411 67.009
953 ABC 87.745 67.009
954 ABC 106.411 67.009
955 ABC 106.411 67.009
956 ABC 106.411 67.009
957 ABC 106.411 67.009
958 ABC 106.411 67.009
959 ABC 106.411 62.238
960 ABC 106.411 67.009
961 ABC 106.239 67.009
962 ABC 106.411 67.009
963 ABC 89.454 67.009
964 ABC 106.411 67.009
965 ABC 94.655 67.009
966 ABC 106.411 67.009
967 ABC 87.792 67.009
968 ABC 67.551 67.009
969 ABC 87.745 67.009
970 ABC 87.745 43.574
971 ABC 106.411 20.574
972 ABC 106.411 67.009
973 ABC 106.411 67.009
974 ABC 106.411 67.009
975 ABC 87.745 62.514
976 ABC 106.411 67.009
977 ABC 106.411 67.009
978 ABC 106.411 67.009
979 ABC 106.411 67.009
980 ABC 106.411 67.009
981 ABC 106.411 67.009
982 ABC 106.411 30.659
983 ABC 106.411 67.009
984 ABC 106.411 67.009
985 ABC 67.488 67.009
986 ABC 106.411 67.009
987 ABC 106.411 67.009
988 ABC 106.411 34.459
989 ABC 97.534 45.021
990 ABC 106.411 67.009
991 ABC 73.86 67.009
992 ABC 106.411 50.378
993 ABC 106.411 67.009
994 ABC 106.411 67.009
995 ABC 106.411 67.009
996 ABC 106.411 67.009
997 ABC 106.411 67.009
998 ABC 106.411 67.009
999 ABC 106.411 19.119
1000 ABC 106.411 67.009
1001 ABC 106.411 67.009
1002 ABC 106.411 67.009
1003 ABC 78.624 67.009
1004 ABC 106.411 67.009
1005 ABC 106.411 30.7
1006 ABC 106.411 67.009
1007 ABC 89.155 30.371
1008 ABC 106.411 67.009
1009 ABC 92.843 67.009
1010 ABC 29.804 6.173
1011 ABC 106.411 67.009
1012 ABC 106.411 63.11
1013 ABC 87.745 71.996
1014 ABC 106.411 67.009
1015 ABC 106.411 67.009
1016 ABC 106.411 67.009
1017 ABC 57.57 38.452
1018 ABC 106.411 28.951
1019 ABC 106.411 67.009
1020 ABC 106.411 67.009
1021 ABC 106.411 67.009
1022 ABC 106.411 67.009
1023 ABC 106.411 67.009
1024 ABC 106.411 24.164
1025 ABC 106.411 67.009
1026 ABC 106.411 67.009
1027 ABC 81.496 67.379
1028 ABC 106.411 67.009
1029 ABC 106.411 67.009
1030 ABC 106.411 67.009
1031 ABC 106.411 33.62
1032 ABC 106.411 51.354
1033 ABC 80.908 67.009
1034 ABC 98.953 67.009
1035 ABC 106.411 67.009
1036 ABC 79.043 67.009
1037 ABC 90.904 67.009
1038 ABC 106.411 67.009
1039 ABC 106.411 67.009
1040 ABC 100.725 67.009
1041 ABC 106.411 67.009
1042 ABC 97.775 67.009
1043 ABC 87.745 67.009
1044 ABC 106.411 60.32
1045 ABC 106.411 67.009
1046 ABC 54.489 4.427
1047 ABC 106.411 67.009
1048 ABC 106.411 67.009
1049 ABC 106.411 67.009
1050 ABC 106.411 67.009
1051 ABC 106.411 67.009
1052 ABC 106.411 67.009
1053 ABC 73.801 67.009
1054 ABC 87.745 29.804
1055 ABC 106.411 67.009
1056 ABC 106.411 67.009
1057 ABC 106.411 67.009
1058 ABC 106.411 15
1059 ABC 106.411 65.172
1060 ABC 87.745 61.063
1061 ABC 106.411 67.009
1062 ABC 106.411 67.009
1063 ABC 106.411 67.009
1064 ABC 83.2 67.009
1065 ABC 87.745 67.009
1066 ABC 106.411 67.009
1067 ABC 76.248 67.009
1068 ABC 106.411 67.009
1069 ABC 106.411 46.28
1070 ABC 106.411 67.009
1071 ABC 106.411 67.009
1072 ABC 75.025 34.104
1073 ABC 89 67.009
1074 ABC 106.411 67.009
1075 ABC 106.411 67.009
1076 ABC 106.411 67.009
1077 ABC 106.411 67.009
1078 ABC 106.411 67.009
1079 ABC 100.652 67.009
1080 ABC 106.411 67.009
1081 ABC 106.411 67.009
1082 ABC 106.411 67.009
1083 ABC 106.411 67.009
1084 ABC 87.745 20.241
1085 ABC 106.411 42.653
1086 ABC 106.411 67.009
1087 ABC 106.411 67.009
1088 ABC 106.411 67.009
1089 ABC 106.411 67.009
1090 ABC 106.411 67.009
1091 ABC 106.411 67.009
1092 ABC 87.745 67.009
1093 ABC 106.411 67.009
1094 ABC 87.745 41.621
1095 ABC 106.411 67.009
1096 ABC 65.491 5.947
1097 ABC 106.411 67.009
1098 ABC 106.411 67.009
1099 ABC 106.411 14.2
1100 ABC 106.411 67.009
1101 ABC 106.411 67.009
1102 ABC 106.411 67.009
1103 ABC 106.411 67.009
1104 ABC 106.411 67.009
1105 ABC 106.411 67.009
1106 ABC 106.411 67.009
1107 ABC 106.411 67.009
1108 ABC 106.411 67.009
1109 ABC 106.411 67.009
1110 ABC 106.411 67.009
1111 ABC 106.411 67.009
1112 ABC 106.411 43.137
1113 ABC 106.411 67.009
1114 ABC 106.411 48.47
1115 ABC 106.411 67.009
1116 ABC 95.655 67.009
1117 ABC 79.663 67.009
1118 ABC 106.411 60.119
1119 ABC 99.371 67.009
1120 ABC 102.932 67.009
1121 ABC 106.411 67.009
1122 ABC 69.862 67.009
1123 ABC 106.411 67.009
1124 ABC 106.411 67.009
1125 ABC 106.411 67.009
1126 ABC 106.411 67.009
1127 ABC 87.745 87.068
1128 ABC 74.437 67.009
1129 ABC 106.411 67.009
1130 ABC 59.53 53.456
1131 ABC 106.411 67.009
1132 ABC 106.411 67.009
1133 ABC 106.411 67.009
1134 ABC 106.411 67.009
1135 ABC 106.411 67.009
1136 ABC 106.411 67.009
1137 ABC 106.411 67.009
1138 ABC 106.411 67.009
1139 ABC 106.411 67.009
1140 ABC 106.411 67.009
1141 ABC 87.745 55.741
1142 ABC 106.411 67.009
1143 ABC 106.411 67.009
1144 ABC 106.411 67.009
1145 ABC 106.411 67.009
1146 ABC 106.411 67.009
1147 ABC 106.411 67.009
1148 ABC 106.411 67.009
1149 ABC 106.411 67.009
1150 ABC 106.411 67.009
1151 ABC 106.411 67.009
1152 ABC 99.884 67.009
1153 ABC 106.411 67.009
1154 ABC 91.616 67.009
1155 ABC 106.411 67.009
1156 ABC 106.411 67.009
1157 ABC 106.411 67.009
1158 ABC 106.411 67.009
1159 ABC 106.411 67.009
1160 ABC 106.411 67.009
1161 ABC 106.411 67.009
1162 ABC 106.411 67.009
1163 ABC 106.411 67.009
1164 ABC 106.411 67.009
1165 ABC 106.411 67.009
1166 ABC 33.839 7.391
1167 ABC 106.411 67.009
1168 ABC 106.411 67.009
1169 ABC 106.411 67.009
1170 ABC 106.411 67.009
1171 ABC 106.411 67.009
1172 ABC 90.718 38.195
1173 ABC 106.411 67.009
1174 ABC 106.411 67.009
1175 ABC 83.392 67.009
1176 ABC 106.411 67.009
1177 ABC 106.411 37.663
1178 ABC 93.08 67.009
1179 ABC 106.411 67.009
1180 ABC 106.411 67.009
1181 ABC 106.411 67.009
1182 ABC 76.309 67.009
1183 ABC 106.411 67.009
1184 ABC 103.862 67.009
1185 ABC 90.009 67.009
1186 ABC 106.411 67.009
1187 ABC 106.411 67.009
1188 ABC 106.411 29.375
1189 ABC 106.411 67.009
1190 ABC 106.411 67.009
1191 ABC 106.411 67.009
1192 ABC 106.411 67.009
1193 ABC 106.411 67.009
1194 ABC 106.411 67.009
1195 ABC 106.411 67.009
1196 ABC 106.411 67.009
1197 ABC 106.411 67.009
1198 ABC 87.745 28.554
1199 ABC 74.139 67.009
1200 ABC 106.411 67.009
1201 ABC 106.411 67.009
1202 ABC 106.411 67.009
1203 ABC 102.201 40.381
1204 ABC 106.411 67.009
1205 ABC 106.411 67.009
1206 ABC 96.636 67.009
1207 ABC 106.411 67.009
1208 ABC 106.411 67.009
1209 ABC 106.411 67.009
1210 ABC 106.411 67.009
1211 ABC 106.411 67.009
1212 ABC 106.411 67.009
1213 ABC 106.411 33.955
1214 ABC 106.411 67.009
1215 ABC 106.411 67.009
1216 ABC 106.411 67.009
1217 ABC 106.411 67.009
1218 ABC 106.411 67.009
1219 ABC 106.411 67.009
1220 ABC 106.411 67.009
1221 ABC 72.919 67.009
1222 ABC 106.411 67.009
1223 ABC 106.411 67.009
1224 ABC 106.411 67.009
1225 ABC 106.411 67.009
1226 ABC 106.411 62.504
1227 ABC 106.411 67.009
1228 ABC 106.411 33.682
1229 ABC 106.411 67.009
1230 ABC 106.411 67.009
1231 ABC 106.411 67.009
1232 ABC 106.411 67.009
1233 ABC 106.411 67.009
1234 ABC 87.745 67.009
1235 ABC 106.411 67.009
1236 ABC 106.411 67.009
1237 ABC 98.902 19.328
1238 ABC 106.411 67.009
1239 ABC 106.411 37.082
1240 ABC 106.411 67.009
1241 ABC 103.079 67.009
1242 ABC 106.411 67.009
1243 ABC 106.411 67.009
1244 ABC 106.411 67.009
1245 ABC 106.411 44.22
1246 ABC 106.411 67.009
1247 ABC 106.411 67.009
1248 ABC 106.411 67.009
1249 ABC 106.411 67.009
1250 ABC 106.411 67.009
1251 ABC 106.411 67.009
1252 ABC 106.411 19.328
1253 ABC 106.411 67.009
1254 ABC 106.411 67.009
1255 ABC 106.411 67.009
1256 ABC 106.411 67.009
1257 ABC 106.411 67.009
1258 ABC 106.411 52.845
1259 ABC 106.411 67.009
1260 ABC 94.079 67.009
1261 ABC 87.745 85.813
1262 ABC 106.411 67.009
1263 ABC 106.411 47.718
1264 ABC 106.411 67.009
1265 ABC 106.411 47.908
1266 ABC 43.835 43.782
1267 ABC 104.624 67.009
1268 ABC 106.411 36.911
1269 ABC 106.411 67.009
1270 ABC 93.925 57.862
1271 ABC 106.411 67.009
1272 ABC 106.411 67.009
1273 ABC 101.572 18.734
1274 ABC 106.411 67.009
1275 ABC 106.411 67.009
1276 ABC 106.411 67.009
1277 ABC 106.411 67.009
1278 ABC 106.411 67.009
1279 ABC 106.411 67.009
1280 ABC 106.411 67.009
1281 ABC 106.411 71.756
1282 ABC 106.411 67.009
1283 ABC 87.745 67.009
1284 ABC 106.411 67.009
1285 ABC 106.411 67.009
1286 ABC 106.411 67.009
1287 ABC 106.411 67.009
1288 ABC 87.745 32.639
1289 ABC 106.411 67.009
1290 ABC 91.081 67.009
1291 ABC 106.411 67.009
1292 ABC 106.411 34.629
1293 ABC 104.897 67.009
1294 ABC 106.411 67.009
1295 ABC 106.411 67.009
1296 ABC 106.411 67.009
1297 ABC 106.411 67.009
1298 ABC 85.39 67.009
1299 ABC 106.411 67.009
1300 ABC 106.411 67.009
1301 ABC 106.411 67.009
1302 ABC 106.411 67.009
1303 ABC 106.411 67.009
1304 ABC 106.411 9.245
1305 ABC 106.411 67.009
1306 ABC 106.411 53.656
1307 ABC 76.596 67.009
1308 ABC 106.411 67.009
1309 ABC 106.411 14.145
1310 ABC 106.411 67.009
1311 ABC 106.411 67.009
1312 ABC 106.411 67.009
1313 ABC 106.411 67.009
1314 ABC 106.411 67.009
1315 ABC 106.411 49.107
1316 ABC 87.907 67.009
1317 ABC 106.411 67.009
1318 ABC 106.411 67.009
1319 ABC 106.411 67.009
1320 ABC 87.745 86.513
1321 ABC 75.64 67.009
1322 ABC 77.989 67.009
1323 ABC 106.411 67.009
1324 ABC 106.411 80.269
1325 ABC 106.411 67.009
1326 ABC 106.411 67.009
1327 ABC 106.411 66.42
1328 ABC 106.411 67.009
1329 ABC 106.411 67.009
1330 ABC 106.411 67.009
1331 ABC 106.411 67.009
1332 ABC 106.411 55.614
1333 ABC 106.411 67.009
1334 ABC 90.175 56.379
1335 ABC 106.411 67.009
1336 ABC 106.411 67.009
1337 ABC 106.411 67.009
1338 ABC 93.188 67.009
1339 ABC 106.411 67.009
1340 ABC 74.445 67.009
1341 ABC 71.499 67.009
1342 ABC 106.411 67.009
1343 ABC 106.411 67.009
1344 ABC 103.049 67.009
1345 ABC 88.587 67.009
1346 ABC 106.411 67.009
1347 ABC 106.411 67.009
1348 ABC 89.413 67.009
1349 ABC 106.411 67.009
1350 ABC 80.301 33.542
1351 ABC 101.712 67.009
1352 ABC 106.411 67.009
1353 ABC 106.411 75.657
1354 ABC 106.411 67.009
1355 ABC 106.411 67.009
1356 ABC 67.009 19.328
1357 ABC 106.411 67.009
1358 ABC 106.411 67.009
1359 ABC 106.411 67.009
1360 ABC 106.411 67.009
1361 ABC 106.411 67.009
1362 ABC 106.411 67.009
1363 ABC 106.411 67.009
1364 ABC 106.411 67.009
1365 ABC 106.411 67.009
1366 ABC 106.411 67.009
1367 ABC 87.745 67.009
1368 ABC 106.411 67.009
1369 ABC 106.411 67.009
1370 ABC 87.745 67.009
1371 ABC 106.411 67.009
1372 ABC 106.411 67.009
1373 ABC 106.411 67.009
1374 ABC 106.411 67.009
1375 ABC 106.411 67.009
1376 ABC 106.411 67.009
1377 ABC 106.411 67.009
1378 ABC 106.411 67.009
1379 ABC 106.411 67.009
1380 ABC 106.411 67.009
1381 ABC 106.411 67.009
1382 ABC 87.745 67.009
1383 ABC 106.411 67.009
1384 ABC 106.411 67.009
1385 ABC 106.411 18.891
1386 ABC 106.411 67.009
1387 ABC 106.411 67.009
1388 ABC 106.411 67.009
1389 ABC 106.411 67.009
1390 ABC 106.411 67.009
1391 ABC 106.411 67.009
1392 ABC 106.411 67.009
1393 ABC 106.411 67.009
1394 ABC 94.122 67.009
1395 ABC 106.411 55.952
1396 ABC 106.411 67.009
1397 ABC 106.411 67.009
1398 ABC 106.411 67.009
1399 ABC 106.411 67.009
1400 ABC 106.411 67.009
1401 ABC 106.411 67.009
1402 ABC 106.411 67.009
1403 ABC 106.411 67.009
1404 ABC 106.411 67.009
1405 ABC 106.411 67.009
1406 ABC 106.411 62.877
1407 ABC 106.411 67.009
1408 ABC 106.411 67.009
1409 ABC 106.411 67.009
1410 ABC 67.744 31.276
1411 ABC 106.411 67.009
1412 ABC 106.411 67.009
1413 ABC 106.411 67.009
1414 ABC 106.411 67.009
1415 ABC 106.411 53.517
1416 ABC 106.411 67.009
1417 ABC 106.411 67.009
1418 ABC 106.411 19.328
1419 ABC 106.411 67.009
1420 ABC 106.411 67.009
1421 ABC 106.411 67.009
1422 ABC 87.745 67.009
1423 ABC 106.411 67.009
1424 ABC 106.411 67.009
1425 ABC 106.411 67.009
1426 ABC 106.411 67.009
1427 ABC 106.411 67.009
1428 ABC 106.411 67.009
1429 ABC 106.411 31.137
1430 ABC 106.411 67.009
1431 ABC 106.411 67.009
1432 ABC 87.745 83.35
1433 ABC 85.679 37.208
1434 ABC 106.411 67.009
1435 ABC 106.411 67.009
1436 ABC 106.411 67.009
1437 ABC 106.411 67.009
1438 ABC 106.411 67.009
1439 ABC 106.411 67.009
1440 ABC 106.411 67.009
1441 ABC 106.411 67.009
1442 ABC 106.411 67.009
1443 ABC 106.411 67.009
1444 ABC 105.539 2.04
1445 ABC 106.411 67.009
1446 ABC 106.411 67.009
1447 ABC 78.928 67.009
1448 ABC 97.526 60.902
1449 ABC 94.147 67.009
1450 ABC 106.411 67.009
1451 ABC 105.764 67.009
1452 ABC 106.411 67.009
1453 ABC 106.411 67.009
1454 ABC 106.411 67.009
1455 ABC 106.411 67.009
1456 ABC 87.745 67.009
1457 ABC 93.78 67.009
1458 ABC 106.411 67.009
1459 ABC 106.411 67.009
1460 ABC 106.411 58.812
1461 ABC 102.142 67.009
1462 ABC 106.411 51.181
1463 ABC 106.411 67.009
1464 ABC 106.411 54.49
1465 ABC 106.411 67.009
1466 ABC 106.411 67.009
1467 ABC 106.411 67.009
1468 ABC 106.411 67.009
1469 ABC 106.411 74.064
1470 ABC 106.411 50.547
1471 ABC 106.411 67.009
1472 ABC 106.411 67.009
1473 ABC 106.411 67.009
1474 ABC 106.411 67.009
1475 ABC 97.372 32.7
1476 ABC 106.411 67.009
1477 ABC 106.411 67.009
1478 ABC 87.745 83.884
1479 ABC 106.411 67.009
1480 ABC 68.504 67.009
1481 ABC 106.411 67.009
1482 ABC 106.411 67.009
1483 ABC 106.411 67.009
1484 ABC 106.411 65.596
1485 ABC 106.411 67.009
1486 ABC 106.411 67.009
1487 ABC 106.411 67.009
1488 ABC 106.411 67.009
1489 ABC 106.411 67.009
1490 ABC 106.411 67.009
1491 ABC 106.411 67.009
1492 ABC 106.411 67.009
1493 ABC 106.411 67.009
1494 ABC 106.411 67.009
1495 ABC 106.411 67.009
1496 ABC 106.411 67.009
1497 ABC 106.411 63.682
1498 ABC 106.411 80.347
1499 ABC 106.411 67.009
1500 ABC 106.411 67.009
1501 ABC 93.141 67.009
1502 ABC 98.047 67.009
1503 ABC 106.411 67.009
1504 ABC 106.411 67.009
1505 ABC 28.879 19.328
1506 ABC 106.411 67.009
1507 ABC 106.411 67.009
1508 ABC 106.411 67.009
1509 ABC 106.411 44.706
1510 ABC 106.411 67.009
1511 ABC 106.411 67.009
1512 ABC 106.411 33.292
1513 ABC 81.692 67.009
1514 ABC 106.411 67.009
1515 ABC 106.411 67.009
1516 ABC 106.411 67.009
1517 ABC 106.411 67.009
1518 ABC 106.411 67.009
1519 ABC 106.411 67.009
1520 ABC 106.411 67.009
1521 ABC 106.411 67.009
1522 ABC 106.411 67.009
1523 ABC 106.411 67.009
1524 ABC 105.952 67.009
1525 ABC 106.411 67.009
1526 ABC 106.411 67.009
1527 ABC 106.411 67.009
1528 ABC 76.408 67.009
1529 ABC 106.411 67.009
1530 ABC 106.411 67.009
1531 ABC 106.411 67.009
1532 ABC 106.411 51.163
1533 ABC 106.411 67.009
1534 ABC 105.26 67.009
1535 ABC 106.411 67.009
1536 ABC 94.829 28.554
1537 ABC 106.411 67.009
1538 ABC 106.411 67.009
1539 ABC 87.745 32.211
1540 ABC 106.411 67.009
1541 ABC 106.411 67.009
1542 ABC 67.925 67.009
1543 ABC 106.411 67.009
1544 ABC 106.411 67.009
1545 ABC 106.411 67.009
1546 ABC 106.411 67.009
1547 ABC 106.411 67.009
1548 ABC 106.411 67.009
1549 ABC 106.411 67.009
1550 ABC 106.411 67.009
1551 ABC 106.411 67.009
1552 ABC 106.411 67.009
1553 ABC 106.411 67.009
1554 ABC 106.411 67.009
1555 ABC 87.745 67.009
1556 ABC 106.411 67.009
1557 ABC 106.411 67.009
1558 ABC 106.411 67.009
1559 ABC 106.411 67.009
1560 ABC 87.745 64.475
1561 ABC 92.554 67.009
1562 ABC 106.411 67.009
1563 ABC 87.745 28.554
1564 ABC 106.411 67.009
1565 ABC 106.411 67.009
1566 ABC 106.411 58.148
1567 ABC 106.411 67.009
1568 ABC 106.411 67.009
1569 ABC 106.411 67.009
1570 ABC 106.411 67.009
1571 ABC 82.177 67.009
1572 ABC 106.411 67.009
1573 ABC 87.745 67.009
1574 ABC 106.411 67.009
1575 ABC 106.411 67.009
1576 ABC 106.411 67.009
1577 ABC 106.411 19.328
1578 ABC 89.271 67.009
1579 ABC 101.958 67.009
1580 ABC 106.411 14.133
1581 ABC 106.411 67.009
1582 ABC 106.411 67.009
1583 ABC 106.411 40.172
1584 ABC 70.866 67.009
1585 ABC 106.411 67.009
1586 ABC 106.411 67.009
1587 ABC 106.411 67.009
1588 ABC 106.411 67.009
1589 ABC 106.411 67.009
1590 ABC 106.411 67.009
1591 ABC 104.023 67.009
1592 ABC 106.411 67.009
1593 ABC 106.411 67.009
1594 ABC 106.411 67.009
1595 ABC 87.745 86.584
1596 ABC 106.411 19.328
1597 ABC 87.745 67.009
1598 ABC 106.411 67.009
1599 ABC 106.411 67.009
1600 ABC 106.212 28.259
1601 ABC 106.411 67.009
1602 ABC 81.746 67.009
1603 ABC 106.411 67.009
1604 ABC 106.411 67.009
1605 ABC 106.411 67.009
1606 ABC 106.411 67.009
1607 ABC 106.411 67.009
1608 ABC 106.411 67.009
1609 ABC 106.411 62.028
1610 ABC 106.411 67.009
1611 ABC 106.411 67.009
1612 ABC 74.238 67.009
1613 ABC 106.411 67.009
1614 ABC 106.411 67.009
1615 ABC 106.411 67.009
1616 ABC 75.076 67.009
1617 ABC 106.411 67.009
1618 ABC 80.746 67.009
1619 ABC 97.236 67.009
1620 ABC 106.411 67.009
1621 ABC 106.411 67.009
1622 ABC 106.411 37.674
1623 ABC 106.411 67.009
1624 ABC 106.411 67.009
1625 ABC 106.411 67.009
1626 ABC 106.411 67.009
1627 ABC 106.411 67.009
1628 ABC 106.411 67.009
1629 ABC 106.411 67.009
1630 ABC 106.411 67.009
1631 ABC 106.411 67.009
1632 ABC 106.411 67.009
1633 ABC 106.411 68.748
1634 ABC 106.411 67.009
1635 ABC 106.411 9.839
1636 ABC 106.411 67.009
1637 ABC 106.411 67.009
1638 ABC 106.411 67.009
1639 ABC 106.411 67.009
1640 ABC 87.745 67.009
1641 ABC 106.411 67.009
1642 ABC 106.411 67.009
1643 ABC 106.411 67.009
1644 ABC 106.411 28.933
1645 ABC 87.745 67.009
1646 ABC 106.411 67.009
1647 ABC 106.411 67.009
1648 ABC 106.411 67.009
1649 ABC 106.411 67.009
1650 ABC 68.732 67.009
1651 ABC 106.411 35.35
1652 ABC 106.411 67.009
1653 ABC 87.745 33.114
1654 ABC 106.411 67.009
1655 ABC 101.852 67.009
1656 ABC 106.411 19.328
1657 ABC 106.411 67.009
1658 ABC 70.034 42.883
1659 ABC 78.603 67.009
1660 ABC 106.411 49.049
1661 ABC 84.168 67.009
1662 ABC 106.411 67.009
1663 ABC 106.411 67.009
1664 ABC 106.411 67.009
1665 ABC 106.411 41.244
1666 ABC 106.411 67.009
1667 ABC 87.745 74.765
1668 ABC 93.077 46.933
1669 ABC 106.411 67.009
1670 ABC 106.411 67.009
1671 ABC 96.499 67.009
1672 ABC 106.411 67.009
1673 ABC 106.411 67.009
1674 ABC 106.411 67.009
1675 ABC 106.411 67.009
1676 ABC 106.411 67.009
1677 ABC 106.411 67.009
1678 ABC 106.411 67.009
1679 ABC 106.411 67.009
1680 ABC 106.411 67.009
1681 ABC 106.411 67.009
1682 ABC 106.411 67.009
1683 ABC 106.411 67.009
1684 ABC 106.411 67.009
1685 ABC 106.411 67.009
1686 ABC 95.96 67.009
1687 ABC 106.411 67.009
1688 ABC 106.411 67.009
1689 ABC 106.411 67.009
1690 ABC 106.411 67.009
1691 ABC 106.411 67.009
1692 ABC 106.411 67.009
1693 ABC 106.411 37.21
1694 ABC 106.411 67.009
1695 ABC 106.411 54.001
1696 ABC 67.7 67.009
1697 ABC 106.411 67.009
1698 ABC 106.411 67.009
1699 ABC 106.411 67.009
1700 ABC 87.745 67.009
1701 ABC 106.411 67.009
1702 ABC 87.745 67.009
1703 ABC 106.411 67.009
1704 ABC 106.411 67.009
1705 ABC 106.411 67.009
1706 ABC 106.411 67.009
1707 ABC 106.411 67.009
1708 ABC 106.411 67.009
1709 ABC 106.411 67.009
1710 ABC 106.411 67.009
1711 ABC 106.411 61.244
1712 ABC 106.411 67.009
1713 ABC 106.411 42.898
1714 ABC 106.411 67.009
1715 ABC 106.411 34.138
1716 ABC 106.411 67.009
1717 ABC 92.467 67.009
1718 ABC 106.411 31.41
1719 ABC 78.349 67.009
1720 ABC 96.421 67.009
1721 ABC 87.745 67.009
1722 ABC 106.411 67.009
1723 ABC 106.411 67.009
1724 ABC 106.411 19.328
1725 ABC 106.411 50.238
1726 ABC 106.411 67.009
1727 ABC 74.22 67.009
1728 ABC 106.411 34.102
1729 ABC 78.636 67.009
1730 ABC 106.411 67.009
1731 ABC 106.411 58.618
1732 ABC 90.047 67.009
1733 ABC 106.411 67.009
1734 ABC 103.768 67.009
1735 ABC 106.411 67.009
1736 ABC 106.411 67.009
1737 ABC 106.411 67.009
1738 ABC 106.411 67.009
1739 ABC 87.745 67.009
1740 ABC 85.962 67.009
1741 ABC 106.411 67.009
1742 ABC 106.411 67.009
1743 ABC 106.411 19.328
1744 ABC 106.411 67.009
1745 ABC 106.411 67.009
1746 ABC 106.411 67.009
1747 ABC 106.411 67.009
1748 ABC 106.411 67.009
1749 ABC 106.411 35.612
1750 ABC 106.411 67.009
1751 ABC 96.857 67.009
1752 ABC 106.411 67.009
1753 ABC 106.411 67.009
1754 ABC 106.411 67.009
1755 ABC 99.78 67.009
1756 ABC 79.561 67.009
1757 ABC 90.962 67.009
1758 ABC 106.411 67.009
1759 ABC 62.124 19.328
1760 ABC 101.875 67.009
1761 ABC 106.411 2.142
1762 ABC 106.411 67.009
1763 ABC 106.411 67.009
1764 ABC 106.411 67.009
1765 ABC 106.411 67.009
1766 ABC 106.411 67.009
1767 ABC 106.411 67.009
1768 ABC 106.411 9.818
1769 ABC 106.411 67.009
1770 ABC 106.411 67.009
1771 ABC 106.411 60.946
1772 ABC 106.411 67.009
1773 ABC 94.893 67.009
1774 ABC 106.411 67.009
1775 ABC 106.411 67.009
1776 ABC 106.411 67.009
1777 ABC 106.411 67.009
1778 ABC 106.411 27.349
1779 ABC 106.411 67.009
1780 ABC 106.411 67.009
1781 ABC 77.686 67.009
1782 ABC 106.411 67.009
1783 ABC 106.411 67.009
1784 ABC 106.411 67.009
1785 ABC 106.411 67.009
1786 ABC 106.411 67.009
1787 ABC 106.411 67.009
1788 ABC 87.745 67.009
1789 ABC 106.411 67.009
1790 ABC 106.411 67.009
1791 ABC 106.411 37.175
1792 ABC 106.411 67.009
1793 ABC 91.821 67.009
1794 ABC 106.411 67.009
1795 ABC 106.411 67.009
1796 ABC 106.411 53.231
1797 ABC 106.411 67.009
1798 ABC 106.411 67.009
1799 ABC 106.411 67.009
1800 ABC 91.134 37.567
1801 ABC 106.411 67.009
1802 ABC 106.411 67.009
1803 ABC 99.176 67.009
1804 ABC 106.411 67.009
1805 ABC 106.411 67.009
1806 ABC 90.353 67.009
1807 ABC 106.411 67.009
1808 ABC 106.411 51.259
1809 ABC 88.701 67.009
1810 ABC 106.411 67.009
1811 ABC 106.411 67.009
1812 ABC 106.411 67.009
1813 ABC 87.745 67.009
1814 ABC 106.411 67.009
1815 ABC 106.411 67.009
1816 ABC 106.411 67.009
1817 ABC 106.411 67.009
1818 ABC 106.411 67.009
1819 ABC 99.267 67.001
1820 ABC 106.411 67.009
1821 ABC 106.411 67.009
1822 ABC 89.996 67.009
1823 ABC 106.411 67.009
1824 ABC 106.411 67.009
1825 ABC 106.411 67.009
1826 ABC 106.411 65.211
1827 ABC 106.411 67.009
1828 ABC 106.411 67.009
1829 ABC 106.411 67.009
1830 ABC 106.411 67.009
1831 ABC 106.411 67.009
1832 ABC 97.374 29.907
1833 ABC 106.411 67.009
1834 ABC 76.417 67.009
1835 ABC 106.411 67.009
1836 ABC 71.768 67.009
1837 ABC 87.745 67.009
1838 ABC 67.268 67.009
1839 ABC 106.411 67.009
1840 ABC 106.411 67.009
1841 ABC 106.411 67.009
1842 ABC 106.411 67.009
1843 ABC 106.411 67.009
1844 ABC 87.126 67.009
1845 ABC 106.411 67.009
1846 ABC 71.59 67.009
1847 ABC 106.411 67.009
1848 ABC 71.452 67.009
1849 ABC 106.411 67.009
1850 ABC 106.411 67.009
1851 ABC 106.411 67.009
1852 ABC 106.411 67.009
1853 ABC 106.411 67.009
1854 ABC 106.411 67.009
1855 ABC 106.411 67.009
1856 ABC 87.745 67.009
1857 ABC 106.411 67.009
1858 ABC 105.402 67.009
1859 ABC 106.411 67.009
1860 ABC 100.356 58.269
1861 ABC 106.411 67.009
1862 ABC 106.411 49.328
1863 ABC 106.411 67.009
1864 ABC 87.745 67.009
1865 ABC 95.654 67.009
1866 ABC 93.445 67.009
1867 ABC 106.411 67.009
1868 ABC 106.411 67.009
1869 ABC 106.411 67.009
1870 ABC 106.411 67.009
1871 ABC 93.512 67.009
1872 ABC 105.461 67.009
1873 ABC 106.411 67.009
1874 ABC 106.411 67.009
1875 ABC 91.469 67.009
1876 ABC 94.63 67.009
1877 ABC 106.411 67.009
1878 ABC 106.411 67.009
1879 ABC 106.411 67.009
1880 ABC 93.291 67.009
1881 ABC 106.411 67.009
1882 ABC 106.411 67.009
1883 ABC 106.411 67.009
1884 ABC 106.411 67.009
1885 ABC 87.745 67.009
1886 ABC 106.411 67.009
1887 ABC 95.411 67.009
1888 ABC 106.411 67.009
1889 ABC 106.411 67.009
1890 ABC 106.411 67.009
1891 ABC 106.411 67.009
1892 ABC 106.411 67.009
1893 ABC 106.411 67.009
1894 ABC 106.411 67.009
1895 ABC 106.411 19.328
1896 ABC 106.411 67.009
1897 ABC 106.411 67.009
1898 ABC 72.318 67.009
1899 ABC 106.411 67.009
1900 ABC 106.411 67.009
1901 ABC 106.411 33.674
1902 ABC 106.411 67.009
1903 ABC 106.411 67.009
1904 ABC 106.411 67.009
1905 ABC 106.411 23.458
1906 ABC 102.851 67.009
1907 ABC 67.419 67.009
1908 ABC 88.224 67.009
1909 ABC 106.411 67.009
1910 ABC 106.411 39.934
1911 ABC 106.411 67.009
1912 ABC 93.611 67.009
1913 ABC 106.411 67.009
1914 ABC 106.411 67.009
1915 ABC 106.411 67.009
1916 ABC 88.83 67.009
1917 ABC 106.411 67.009
1918 ABC 106.411 67.009
1919 ABC 106.411 67.009
1920 ABC 106.411 67.009
1921 ABC 106.411 24.519
1922 ABC 96.495 67.009
1923 ABC 80.889 67.009
1924 ABC 106.411 33.254
1925 ABC 106.411 67.009
1926 ABC 106.411 67.009
1927 ABC 106.411 67.009
1928 ABC 106.411 67.009
1929 ABC 106.411 67.009
1930 ABC 106.411 67.009
1931 ABC 106.411 67.009
1932 ABC 91.674 67.009
1933 ABC 72.187 67.009
1934 ABC 85.168 67.009
1935 ABC 106.411 67.009
1936 ABC 106.411 67.009
1937 ABC 106.411 67.009
1938 ABC 106.411 67.009
1939 ABC 106.411 67.009
1940 ABC 106.411 67.009
1941 ABC 87.745 67.009
1942 ABC 106.411 67.009
1943 ABC 106.411 63.833
1944 ABC 106.411 11.325
1945 ABC 106.411 67.009
1946 ABC 78.396 67.009
1947 ABC 106.411 67.009
1948 ABC 87.745 75.185
1949 ABC 106.411 67.009
1950 ABC 106.411 67.009
1951 ABC 106.411 19.99
1952 ABC 106.411 17.151
1953 ABC 106.411 67.009
1954 ABC 106.411 67.009
1955 ABC 88.535 67.009
1956 ABC 106.411 67.009
1957 ABC 106.411 67.009
1958 ABC 106.411 67.009
1959 ABC 106.411 67.009
1960 ABC 106.411 67.009
1961 ABC 98.769 28.866
1962 ABC 106.411 67.009
1963 ABC 106.411 67.009
1964 ABC 103.235 67.009
1965 ABC 106.411 53.462
1966 ABC 99.765 67.009
1967 ABC 106.411 67.009
1968 ABC 106.411 67.009
1969 ABC 106.411 67.009
1970 ABC 106.411 50.285
1971 ABC 106.411 67.009
1972 ABC 106.411 67.009
1973 ABC 106.411 65.292
1974 ABC 106.411 67.009
1975 ABC 100.181 67.009
1976 ABC 87.745 36.792
1977 ABC 106.411 1.459
1978 ABC 106.411 67.009
1979 ABC 87.745 67.009
1980 ABC 87.745 60.388
1981 ABC 106.411 67.009
1982 ABC 106.411 67.009
1983 ABC 106.411 67.009
1984 ABC 106.411 24.56
1985 ABC 106.411 67.009
1986 ABC 106.411 67.009
1987 ABC 106.411 67.009
1988 ABC 106.411 67.009
1989 ABC 106.411 67.009
1990 ABC 106.411 67.009
1991 ABC 106.411 23.869
1992 ABC 106.411 51.982
1993 ABC 106.411 67.009
1994 ABC 106.411 67.009
1995 ABC 106.411 67.009
1996 ABC 106.411 24.5
1997 ABC 106.411 67.009
1998 ABC 106.411 19.328
1999 ABC 106.411 22.483
2000 ABC 106.411 67.009
2001 ABC 41.424 25.087
2002 ABC 87.745 3.392
2003 ABC 70.401 67.009
2004 ABC 106.411 67.009
2005 ABC 106.411 67.009
2006 ABC 106.411 67.009
2007 ABC 106.411 67.009
2008 ABC 106.411 67.009
2009 ABC 106.411 67.009
2010 ABC 106.411 67.009
2011 ABC 106.411 67.009
2012 ABC 106.411 67.009
2013 ABC 99.079 67.009
2014 ABC 106.411 67.009
2015 ABC 106.411 67.009
2016 ABC 106.411 65.229
2017 ABC 106.411 67.009
2018 ABC 106.411 2.331
2019 ABC 106.411 67.009
2020 ABC 106.411 67.009
2021 ABC 87.745 19.328
2022 ABC 106.411 67.009
2023 ABC 106.411 67.009
2024 ABC 87.745 67.009
2025 ABC 106.411 67.009
2026 ACB 106.411 29.871
2027 ACB 87.745 41.317
2028 ACB 67.009 61.181
2029 ACB 106.411 87.745
2030 ACB 106.411 37.013
2031 ACB 106.411 87.745
2032 ACB 106.411 56.418
2033 ACB 106.411 87.745
2034 ACB 106.411 77.113
2035 ACB 67.009 23.686
2036 ACB 106.411 29.804
2037 ACB 67.009 17.208
2038 ACB 106.411 63.729
2039 ACB 75.447 63.562
2040 ACB 106.411 28.554
2041 ACB 106.411 27.067
2042 ACB 104.073 87.745
2043 ACB 106.411 45.559
2044 ACB 67.009 33.275
2045 ACB 74.457 29.804
2046 ACB 106.411 29.804
2047 ACB 106.411 20.566
2048 ACB 106.411 87.745
2049 ACB 67.009 43.991
2050 ACB 106.411 50.034
2051 ACB 83.624 57.948
2052 ACB 106.411 87.745
2053 ACB 52.529 37.993
2054 ACB 106.411 87.745
2055 ACB 106.411 9.247
2056 ACB 67.009 31.198
2057 ACB 88.398 87.745
2058 ACB 60.605 10.242
2059 ACB 106.411 27.529
2060 ACB 106.411 35.592
2061 ACB 106.411 87.745
2062 ACB 97.827 87.745
2063 ACB 67.009 52.384
2064 ACB 106.411 40.248
2065 ACB 106.411 87.745
2066 ACB 103.766 87.745
2067 ACB 106.411 87.745
2068 ACB 103.432 0.483
2069 ACB 67.009 56.085
2070 ACB 106.411 87.745
2071 ACB 67.009 5.26
2072 ACB 106.411 49.189
2073 ACB 106.411 62.958
2074 ACB 106.411 87.745
2075 ACB 106.411 67.009
2076 ACB 81.759 29.804
2077 ACB 67.009 30.34
2078 ACB 106.411 87.173
2079 ACB 106.411 87.745
2080 ACB 106.411 40.876
2081 ACB 93.513 29.804
2082 ACB 106.411 87.745
2083 ACB 106.411 87.745
2084 ACB 106.411 50.176
2085 ACB 87.745 36.337
2086 ACB 67.009 24.574
2087 ACB 67.009 62.246
2088 ACB 106.411 27.959
2089 ACB 87.745 29.804
2090 ACB 106.411 29.804
2091 ACB 87.745 67.375
2092 ACB 106.411 51.06
2093 ACB 67.009 64.641
2094 ACB 67.009 45.001
2095 ACB 106.411 87.745
2096 ACB 67.009 36.949
2097 ACB 106.411 61.231
2098 ACB 106.411 87.745
2099 ACB 106.411 29.804
2100 ACB 101.319 87.745
2101 ACB 106.411 87.745
2102 ACB 67.009 27.719
2103 ACB 106.411 87.745
2104 ACB 106.411 87.745
2105 ACB 67.009 53.573
2106 ACB 106.411 87.745
2107 ACB 106.411 87.745
2108 ACB 106.411 49.107
2109 ACB 106.411 87.745
2110 ACB 67.009 50.98
2111 ACB 106.411 87.745
2112 ACB 106.411 29.804
2113 ACB 106.411 87.745
2114 ACB 106.411 33.478
2115 ACB 106.411 52.261
2116 ACB 106.411 7.075
2117 ACB 67.009 50.119
2118 ACB 106.411 29.804
2119 ACB 106.411 87.745
2120 ACB 106.411 87.745
2121 ACB 67.009 7.974
2122 ACB 106.411 31.977
2123 ACB 106.411 10.669
2124 ACB 67.009 61.723
2125 ACB 67.009 29.692
2126 ACB 106.411 87.745
2127 ACB 100.182 62.34
2128 ACB 67.009 58.883
2129 ACB 106.411 29.804
2130 ACB 106.411 28.554
2131 ACB 106.411 87.745
2132 ACB 106.411 87.745
2133 ACB 98.138 0.026
2134 ACB 106.411 39.169
2135 ACB 67.009 61.402
2136 ACB 106.411 41.783
2137 ACB 67.009 16.188
2138 ACB 106.411 66.079
2139 ACB 106.411 40.023
2140 ACB 106.411 87.745
2141 ACB 106.411 76.449
2142 ACB 87.745 69.281
2143 ACB 95.588 29.804
2144 ACB 106.411 87.745
2145 ACB 106.411 50.454
2146 ACB 41.546 7.066
2147 ACB 106.411 46.988
2148 ACB 67.009 35.032
2149 ACB 106.411 87.745
2150 ACB 67.009 46.649
2151 ACB 67.009 29.804
2152 ACB 106.411 87.745
2153 ACB 106.411 87.745
2154 ACB 67.009 40.444
2155 ACB 106.411 55.383
2156 ACB 67.009 16.825
2157 ACB 67.009 14.849
2158 ACB 87.745 47.477
2159 ACB 106.411 87.745
2160 ACB 106.411 79.061
2161 ACB 87.745 34.638
2162 ACB 106.411 29.804
2163 ACB 67.009 3.87
2164 ACB 106.411 87.745
2165 ACB 106.411 73.242
2166 ACB 106.411 45.199
2167 ACB 106.411 87.745
2168 ACB 87.745 67.244
2169 ACB 67.009 46.698
2170 ACB 68.532 29.804
2171 ACB 92.641 46.034
2172 ACB 67.009 48.373
2173 ACB 106.411 29.804
2174 ACB 99.553 87.745
2175 ACB 105.71 87.745
2176 ACB 106.411 79.325
2177 ACB 106.411 87.745
2178 ACB 106.411 12.637
2179 ACB 67.009 22.265
2180 ACB 106.411 87.745
2181 ACB 106.411 34.324
2182 ACB 106.411 55.136
2183 ACB 106.411 24.513
2184 ACB 106.411 78.138
2185 ACB 106.411 59.178
2186 ACB 67.009 45.009
2187 ACB 106.411 87.745
2188 ACB 106.411 30.826
2189 ACB 68.904 61.782
2190 ACB 78.759 29.804
2191 ACB 87.745 49.262
2192 ACB 106.411 87.745
2193 ACB 67.009 14.387
2194 ACB 67.009 45.29
2195 ACB 89.012 32.335
2196 ACB 106.411 60.619
2197 ACB 53.903 33.843
2198 ACB 106.411 87.745
2199 ACB 106.411 87.745
2200 ACB 106.411 87.745
2201 ACB 106.411 66.593
2202 ACB 106.411 87.745
2203 ACB 106.411 87.745
2204 ACB 106.411 87.745
2205 ACB 106.411 29.645
2206 ACB 106.411 87.745
2207 ACB 106.411 67.009
2208 ACB 106.411 35.79
2209 ACB 106.411 29.804
2210 ACB 106.411 59.41
2211 ACB 67.009 61.383
2212 ACB 67.009 0.799
2213 ACB 67.009 62.566
2214 ACB 87.745 36.669
2215 ACB 106.411 67.009
2216 ACB 106.411 87.745
2217 ACB 60.227 55.066
2218 ACB 67.009 62.907
2219 ACB 106.411 87.745
2220 ACB 106.411 63.019
2221 ACB 67.009 47.911
2222 ACB 106.411 67.009
2223 ACB 106.411 62.38
2224 ACB 106.411 39.896
2225 ACB 106.411 87.745
2226 ACB 106.411 87.745
2227 ACB 106.411 87.745
2228 ACB 67.009 56.139
2229 ACB 87.745 58.554
2230 ACB 106.411 29.804
2231 ACB 106.411 4.132
2232 ACB 106.411 87.745
2233 ACB 67.009 1.289
2234 ACB 67.009 49.449
2235 ACB 47.613 47.612
2236 ACB 106.411 39.778
2237 ACB 87.745 15.945
2238 ACB 76.312 29.804
2239 ACB 106.411 87.745
2240 ACB 106.411 87.745
2241 ACB 106.411 54.294
2242 ACB 100.208 87.745
2243 ACB 67.009 57.165
2244 ACB 67.009 65.558
2245 ACB 106.411 86.508
2246 ACB 106.411 71.465
2247 ACB 75.538 31.793
2248 ACB 106.24 87.745
2249 ACB 106.411 87.745
2250 ACB 106.411 87.745
2251 ACB 106.411 49.564
2252 ACB 67.009 44.916
2253 ACB 106.411 87.745
2254 ACB 106.411 29.804
2255 ACB 106.411 37.803
2256 ACB 106.411 60.919
2257 ACB 106.411 14.979
2258 ACB 106.411 33.273
2259 ACB 106.411 87.745
2260 ACB 106.411 87.745
2261 ACB 106.411 50.871
2262 ACB 87.745 30.354
2263 ACB 106.411 44.247
2264 ACB 106.411 36.8
2265 ACB 67.009 8.279
2266 ACB 19.481 12.879
2267 ACB 106.411 87.745
2268 ACB 106.411 21.934
2269 ACB 106.411 6.532
2270 ACB 106.411 67.009
2271 ACB 67.009 17.672
2272 ACB 106.411 49.071
2273 ACB 106.411 29.804
2274 ACB 72.982 29.804
2275 ACB 106.411 62.565
2276 ACB 93.376 87.745
2277 ACB 67.009 35.292
2278 ACB 97.322 55.263
2279 ACB 106.411 41.404
2280 ACB 106.411 87.745
2281 ACB 87.745 83.668
2282 ACB 67.009 12.729
2283 ACB 106.411 35.792
2284 ACB 106.411 32.047
2285 ACB 67.009 55.835
2286 ACB 67.009 60.55
2287 ACB 89.468 87.745
2288 ACB 106.411 29.804
2289 ACB 104.603 29.804
2290 ACB 67.009 15.368
2291 ACB 106.411 29.804
2292 ACB 106.411 87.745
2293 ACB 106.411 87.745
2294 ACB 106.411 87.745
2295 ACB 106.411 23.424
2296 ACB 106.411 87.745
2297 ACB 106.411 50.229
2298 ACB 58.602 52.433
2299 ACB 106.411 29.804
2300 ACB 106.411 41.08
2301 ACB 106.411 87.745
2302 ACB 67.009 11.356
2303 ACB 102.476 39.846
2304 ACB 67.009 29.992
2305 ACB 106.411 29.804
2306 ACB 106.411 1.111
2307 ACB 106.411 87.745
2308 ACB 67.009 30.83
2309 ACB 87.745 63.192
2310 ACB 106.411 35.545
2311 ACB 67.009 12.333
2312 ACB 106.411 43.01
2313 ACB 106.411 38.77
2314 ACB 48.21 46.307
2315 ACB 106.411 76.036
2316 ACB 67.009 48.223
2317 ACB 67.009 31.273
2318 ACB 106.075 55.472
2319 ACB 106.411 65.974
2320 ACB 106.411 87.745
2321 ACB 63.733 42.505
2322 ACB 67.009 56.871
2323 ACB 106.411 87.745
2324 ACB 106.411 27.945
2325 ACB 50.942 37.778
2326 ACB 106.411 87.745
2327 ACB 67.009 51.65
2328 ACB 106.411 87.745
2329 ACB 89.613 24.615
2330 ACB 106.411 64.027
2331 ACB 91.644 77.646
2332 ACB 90.469 87.745
2333 ACB 67.009 41.545
2334 ACB 67.009 30.033
2335 ACB 106.411 44.786
2336 ACB 106.411 49.61
2337 ACB 67.009 31.204
2338 ACB 106.411 56.531
2339 ACB 106.411 20.88
2340 ACB 67.009 56.081
2341 ACB 67.009 42.641
2342 ACB 106.411 87.745
2343 ACB 39.251 24.601
2344 ACB 93.143 87.745
2345 ACB 67.009 39.809
2346 ACB 106.411 11.131
2347 ACB 89.082 87.745
2348 ACB 106.411 87.745
2349 ACB 67.009 43.053
2350 ACB 67.009 58.633
2351 ACB 106.411 29.804
2352 ACB 106.411 87.745
2353 ACB 103.76 29.804
2354 ACB 106.411 59.81
2355 ACB 106.411 24.205
2356 ACB 67.009 35.924
2357 ACB 106.411 87.745
2358 ACB 106.411 87.745
2359 ACB 106.411 87.745
2360 ACB 106.411 9.577
2361 ACB 106.411 87.745
2362 ACB 106.411 51.19
2363 ACB 106.411 87.745
2364 ACB 106.411 87.745
2365 ACB 106.411 87.745
2366 ACB 106.411 52.141
2367 ACB 106.411 29.804
2368 ACB 106.411 87.745
2369 ACB 106.411 87.745
2370 ACB 67.009 29.804
2371 ACB 55.803 46.561
2372 ACB 106.411 24.777
2373 ACB 106.411 63.33
2374 ACB 67.009 50.893
2375 ACB 106.411 87.745
2376 ACB 106.411 29.804
2377 ACB 106.411 87.745
2378 ACB 68.227 29.804
2379 ACB 106.411 70.254
2380 ACB 105.629 87.242
2381 ACB 106.411 29.804
2382 ACB 106.411 87.745
2383 ACB 55.142 52.877
2384 ACB 67.009 39.98
2385 ACB 106.411 22.808
2386 ACB 67.009 35.722
2387 ACB 67.009 6.346
2388 ACB 88.095 87.745
2389 ACB 106.411 46.181
2390 ACB 67.009 34.694
2391 ACB 67.009 32.428
2392 ACB 67.009 49.741
2393 ACB 106.411 50.701
2394 ACB 106.411 87.745
2395 ACB 67.009 7.979
2396 ACB 67.009 33.716
2397 ACB 106.411 87.745
2398 ACB 106.411 35.176
2399 ACB 67.009 59.141
2400 ACB 106.411 30.473
2401 ACB 67.009 50.657
2402 ACB 67.009 58.045
2403 ACB 106.411 39.379
2404 ACB 106.411 55.186
2405 ACB 106.411 87.745
2406 ACB 106.411 60.787
2407 ACB 106.411 29.804
2408 ACB 49.909 37.45
2409 ACB 87.745 58.589
2410 ACB 106.411 37.262
2411 ACB 94.54 28.554
2412 ACB 63.262 59.72
2413 ACB 87.745 23.585
2414 ACB 106.411 87.745
2415 ACB 106.411 39.903
2416 ACB 106.411 28.017
2417 ACB 67.009 4.669
2418 ACB 106.411 29.804
2419 ACB 106.411 67.009
2420 ACB 84.174 45.448
2421 ACB 106.411 87.745
2422 ACB 106.411 87.745
2423 ACB 106.411 87.392
2424 ACB 106.411 87.745
2425 ACB 106.411 87.745
2426 ACB 67.009 36.338
2427 ACB 83.249 61.962
2428 ACB 106.411 65.311
2429 ACB 106.411 21.468
2430 ACB 93.007 76.904
2431 ACB 106.411 33.584
2432 ACB 106.411 87.745
2433 ACB 87.745 9.06
2434 ACB 106.411 67.009
2435 ACB 106.411 36.818
2436 ACB 101.091 46.872
2437 ACB 67.009 57.46
2438 ACB 106.411 29.804
2439 ACB 106.411 87.745
2440 ACB 106.411 36.285
2441 ACB 67.009 65.249
2442 ACB 87.745 27.067
2443 ACB 106.411 87.745
2444 ACB 67.009 19.459
2445 ACB 106.411 87.745
2446 ACB 103.482 56.075
2447 ACB 28.554 6.321
2448 ACB 106.411 87.745
2449 ACB 106.411 87.745
2450 ACB 67.009 64.363
2451 ACB 106.411 65.242
2452 ACB 106.411 28.554
2453 ACB 106.411 30.132
2454 ACB 92.902 87.745
2455 ACB 67.009 20.998
2456 ACB 106.411 44.213
2457 ACB 106.411 87.745
2458 ACB 106.411 36.36
2459 ACB 67.009 6.578
2460 ACB 106.411 62.486
2461 ACB 106.411 87.745
2462 ACB 67.009 45.844
2463 ACB 106.411 87.745
2464 ACB 106.411 33.651
2465 ACB 89.595 22.973
2466 ACB 106.411 29.804
2467 ACB 106.411 11.136
2468 ACB 106.411 47.6
2469 ACB 83.857 29.804
2470 ACB 106.411 62.555
2471 ACB 87.745 67.471
2472 ACB 87.745 41.418
2473 ACB 106.411 27.067
2474 ACB 106.411 87.745
2475 ACB 106.411 87.745
2476 ACB 87.921 87.745
2477 ACB 106.411 87.745
2478 ACB 67.009 28.554
2479 ACB 67.009 66.826
2480 ACB 67.009 7.848
2481 ACB 106.411 49.092
2482 ACB 106.411 87.745
2483 ACB 106.411 87.745
2484 ACB 67.009 39.959
2485 ACB 106.411 51.798
2486 ACB 82.946 58.929
2487 ACB 106.411 58.531
2488 ACB 67.009 43.307
2489 ACB 106.411 29.804
2490 ACB 105.136 87.745
2491 ACB 106.411 67.009
2492 ACB 106.411 6.865
2493 ACB 87.745 34.635
2494 ACB 90.04 53.727
2495 ACB 106.411 44.136
2496 ACB 67.009 62.641
2497 ACB 106.411 52.124
2498 ACB 67.009 57.905
2499 ACB 106.411 40.219
2500 ACB 106.411 87.745
2501 BCA 106.411 87.745
2502 BCA 67.009 41.295
2503 BCA 96.513 87.745
2504 BCA 106.411 87.745
2505 BCA 67.009 33.302
2506 BCA 67.009 29.632
2507 BCA 106.411 87.745
2508 BCA 106.411 67.009
2509 BCA 77.526 30.776
2510 BCA 101.712 47.834
2511 BCA 106.411 35.21
2512 BCA 106.411 61.1
2513 BCA 106.411 41.889
2514 BCA 67.009 8.541
2515 BCA 105.973 87.745
2516 BCA 106.411 87.745
2517 BCA 106.411 87.745
2518 BCA 106.411 50.768
2519 BCA 67.009 19.328
2520 BCA 106.411 29.804
2521 BCA 106.411 87.745
2522 BCA 106.411 22.262
2523 BCA 93.635 25.717
2524 BCA 106.411 87.745
2525 BCA 67.009 36.069
2526 BCA 104.917 75.772
2527 BCA 106.411 39.282
2528 BCA 106.411 31.484
2529 BCA 100.168 87.745
2530 BCA 67.009 4.917
2531 BCA 106.411 43.177
2532 BCA 91.147 45.993
2533 BCA 100.074 55.236
2534 BCA 106.411 33.816
2535 BCA 67.009 1.723
2536 BCA 106.411 87.745
2537 BCA 106.411 38.461
2538 BCA 88.369 87.745
2539 BCA 67.009 41.9
2540 BCA 67.009 17.268
2541 BCA 106.411 35.711
2542 BCA 67.009 19.328
2543 BCA 106.411 51.712
2544 BCA 106.411 29.804
2545 BCA 106.411 87.745
2546 BCA 106.411 51.775
2547 BCA 106.411 75.748
2548 BCA 106.411 87.745
2549 BCA 72.797 62.011
2550 BCA 67.009 57.526
2551 BCA 47.574 44.222
2552 BCA 106.411 87.745
2553 BCA 67.009 31.838
2554 BCA 67.009 59.215
2555 BCA 106.411 87.745
2556 BCA 29.804 29.167
2557 BCA 106.411 87.745
2558 BCA 67.009 17.391
2559 BCA 91.825 87.745
2560 BCA 67.009 24.652
2561 BCA 106.411 87.745
2562 BCA 106.411 59.221
2563 BCA 87.745 40.369
2564 BCA 106.411 60.561
2565 BCA 106.411 28.711
2566 BCA 106.411 28.554
2567 BCA 67.009 54.27
2568 BCA 103.256 87.745
2569 BCA 106.411 87.745
2570 BCA 106.411 87.745
2571 BCA 90.023 87.745
2572 BCA 106.411 87.745
2573 BCA 67.009 59.536
2574 BCA 67.009 49.451
2575 BCA 37.716 29.804
2576 BCA 65.78 48.655
2577 BCA 95.065 86.127
2578 BCA 106.411 87.745
2579 BCA 106.411 10.177
2580 BCA 106.411 50.569
2581 BCA 67.009 60.943
2582 BCA 106.411 84.528
2583 BCA 106.411 87.745
2584 BCA 106.411 54.336
2585 BCA 67.009 36.79
2586 BCA 67.009 20.671
2587 BCA 32.999 6.067
2588 BCA 106.411 67.009
2589 BCA 106.411 36.35
2590 BCA 106.411 26.462
2591 BCA 106.411 27.091
2592 BCA 67.697 29.804
2593 BCA 106.411 47.442
2594 BCA 106.411 87.745
2595 BCA 67.009 48.992
2596 BCA 106.411 67.009
2597 BCA 67.009 41.449
2598 BCA 67.009 36.442
2599 BCA 67.009 14.034
2600 BCA 67.009 61.915
2601 BCA 87.745 30.836
2602 BCA 106.411 87.745
2603 BCA 106.411 28.554
2604 BCA 104.373 87.745
2605 BCA 106.411 87.745
2606 BCA 67.009 5.049
2607 BCA 87.745 86.828
2608 BCA 106.411 87.745
2609 BCA 106.411 45.894
2610 BCA 67.009 4.083
2611 BCA 106.411 87.745
2612 BCA 106.411 51.983
2613 BCA 67.009 39.305
2614 BCA 106.411 36.168
2615 BCA 67.009 45.927
2616 BCA 67.009 32.954
2617 BCA 106.411 30.209
2618 BCA 106.411 21.385
2619 BCA 67.009 30.745
2620 BCA 67.009 45.135
2621 BCA 67.009 35.309
2622 BCA 75.141 29.804
2623 BCA 67.009 43.354
2624 BCA 106.411 87.745
2625 BCA 106.411 87.745
2626 BCA 106.411 20.371
2627 BCA 67.009 32.495
2628 BCA 106.411 87.745
2629 BCA 92.411 29.328
2630 BCA 87.745 48.756
2631 BCA 67.009 12.424
2632 BCA 106.411 33.394
2633 BCA 67.009 19.328
2634 BCA 106.411 42.072
2635 BCA 67.009 31.111
2636 BCA 67.009 37.354
2637 BCA 106.411 47.25
2638 BCA 106.411 61.543
2639 BCA 23.504 22.534
2640 BCA 106.411 87.745
2641 BCA 106.411 87.745
2642 BCA 67.009 24.798
2643 BCA 106.411 56.161
2644 BCA 67.009 66.7
2645 BCA 106.411 29.804
2646 BCA 87.745 59.804
2647 BCA 67.009 19.328
2648 BCA 106.411 87.745
2649 BCA 106.411 87.745
2650 BCA 106.411 42.154
2651 BCA 66.982 52.815
2652 BCA 67.009 64.189
2653 BCA 106.411 49.681
2654 BCA 106.411 85.804
2655 BCA 106.411 29.804
2656 BCA 106.411 47.359
2657 BCA 67.009 64.08
2658 BCA 106.411 87.745
2659 BCA 67.009 47.508
2660 BCA 106.411 29.804
2661 BCA 106.411 50.109
2662 BCA 93.755 87.745
2663 BCA 67.009 23.186
2664 BCA 106.411 87.745
2665 BCA 82.233 33.798
2666 BCA 106.411 87.745
2667 BCA 106.411 87.745
2668 BCA 42.439 28.269
2669 BCA 50.342 17.764
2670 BCA 87.745 60.982
2671 BCA 106.411 87.745
2672 BCA 106.411 81.336
2673 BCA 91.284 26.777
2674 BCA 106.411 50.54
2675 BCA 106.411 87.745
2676 BCA 106.411 87.745
2677 BCA 106.411 67.009
2678 BCA 64.432 14.876
2679 BCA 106.411 8.294
2680 BCA 106.411 86.036
2681 BCA 106.411 87.745
2682 BCA 101.339 8.573
2683 BCA 106.411 87.745
2684 BCA 87.745 76.262
2685 BCA 106.411 87.745
2686 BCA 106.411 87.745
2687 BCA 106.411 87.745
2688 BCA 103.976 87.745
2689 BCA 67.009 31.318
2690 BCA 67.009 41.41
2691 BCA 44.877 7.735
2692 BCA 106.411 87.745
2693 BCA 106.411 40.246
2694 BCA 67.009 60.84
2695 BCA 87.745 42.248
2696 BCA 106.411 87.745
2697 BCA 67.009 29.427
2698 BCA 106.411 67.009
2699 BCA 106.411 35.219
2700 BCA 67.009 28.361
2701 BCA 106.411 12.282
2702 BCA 106.411 87.745
2703 BCA 106.411 47.651
2704 BCA 67.009 41.105
2705 BCA 106.411 17.287
2706 BCA 67.009 46.536
2707 BCA 106.411 27.786
2708 BCA 98.119 87.745
2709 BCA 106.411 22.146
2710 BCA 56.259 30.641
2711 BCA 67.009 45.614
2712 BCA 106.411 87.745
2713 BCA 67.009 33.275
2714 BCA 106.411 87.745
2715 BCA 106.411 56.154
2716 BCA 106.411 36.922
2717 BCA 67.009 60.743
2718 BCA 67.009 38.103
2719 BCA 106.411 87.745
2720 BCA 67.009 66.195
2721 BCA 106.411 87.745
2722 BCA 85.98 19.328
2723 BCA 106.411 64.293
2724 BCA 106.411 87.745
2725 BCA 47.887 35.366
2726 BCA 106.411 29.804
2727 BCA 67.009 9.508
2728 BCA 104.064 8.831
2729 BCA 106.411 12.594
2730 BCA 67.009 40.3
2731 BCA 59.745 58.598
2732 BCA 106.411 29.804
2733 BCA 106.411 87.745
2734 BCA 106.411 56.841
2735 BCA 67.009 23.611
2736 BCA 67.009 53.144
2737 BCA 106.411 59.271
2738 BCA 67.009 65.336
2739 BCA 35.803 28.554
2740 BCA 106.411 29.804
2741 BCA 67.009 47.984
2742 BCA 67.009 66.618
2743 BCA 106.411 87.745
2744 BCA 106.411 63.643
2745 BCA 67.009 3.449
2746 BCA 106.411 87.745
2747 BCA 106.411 47.97
2748 BCA 67.009 15.813
2749 BCA 67.009 61.018
2750 BCA 90.135 63.222
2751 BCA 67.009 5.864
2752 BCA 67.009 34.982
2753 BCA 106.411 49.554
2754 BCA 67.009 44.053
2755 BCA 106.411 16.961
2756 BCA 106.411 87.745
2757 BCA 67.009 19.328
2758 BCA 67.009 15.68
2759 BCA 106.411 87.745
2760 BCA 67.009 27.46
2761 BCA 106.411 87.745
2762 BCA 106.411 17.053
2763 BCA 94.071 36.159
2764 BCA 67.009 54.538
2765 BCA 106.411 87.745
2766 BCA 106.411 87.745
2767 BCA 106.411 46.235
2768 BCA 67.009 39.556
2769 BCA 106.411 87.745
2770 BCA 82.209 67.009
2771 BCA 106.411 87.745
2772 BCA 106.411 47.959
2773 BCA 67.009 47.46
2774 BCA 67.009 19.328
2775 BCA 106.411 22.887
2776 BCA 67.009 27.584
2777 BCA 106.411 87.745
2778 BCA 91.728 87.745
2779 BCA 106.411 53.373
2780 BCA 67.009 66.777
2781 BCA 91.733 87.745
2782 BCA 106.411 56.258
2783 BCA 67.009 19.328
2784 BCA 106.411 87.745
2785 BCA 106.411 29.804
2786 BCA 106.411 57.246
2787 BCA 67.009 12.132
2788 BCA 106.411 33.529
2789 BCA 106.411 87.745
2790 BCA 106.411 87.745
2791 BCA 67.009 1.657
2792 BCA 106.411 67.009
2793 BCA 106.411 87.745
2794 BCA 106.411 87.745
2795 BCA 63.258 60.082
2796 BCA 95.163 56.271
2797 BCA 67.009 17.048
2798 BCA 106.411 87.745
2799 BCA 106.411 7.054
2800 BCA 106.411 26.222
2801 BCA 106.411 87.745
2802 BCA 82.415 6.756
2803 BCA 106.411 30.713
2804 BCA 67.009 19.328
2805 BCA 106.411 87.745
2806 BCA 106.411 29.804
2807 BCA 87.745 41.07
2808 BCA 106.411 27.067
2809 BCA 67.009 19.328
2810 BCA 90.195 79.731
2811 BCA 104.007 0.838
2812 BCA 106.411 87.745
2813 BCA 106.411 48.478
2814 BCA 106.411 72.064
2815 BCA 106.411 87.745
2816 BCA 33.568 16.92
2817 BCA 67.009 35.295
2818 BCA 106.411 87.745
2819 BCA 106.411 48.205
2820 BCA 106.411 29.804
2821 BCA 106.411 87.745
2822 BCA 106.411 87.745
2823 BCA 67.009 47.211
2824 BCA 67.009 38.723
2825 BCA 67.009 19.328
2826 BCA 106.411 16.265
2827 BCA 106.411 87.745
2828 BCA 106.411 87.745
2829 BCA 67.009 49.175
2830 BCA 106.411 87.745
2831 BCA 106.411 38.036
2832 BCA 67.009 34.738
2833 BCA 106.411 12.95
2834 BCA 106.411 46.853
2835 BCA 106.411 87.745
2836 BCA 106.411 87.745
2837 BCA 106.411 49.582
2838 BCA 87.745 26.481
2839 BCA 84.861 38.6
2840 BCA 106.411 19.328
2841 BCA 106.411 87.745
2842 BCA 106.411 87.745
2843 BCA 106.411 5.452
2844 BCA 106.411 56.23
2845 BCA 106.411 64.582
2846 BCA 67.009 19.328
2847 BCA 93.16 87.745
2848 BCA 87.746 18.671
2849 BCA 106.411 7.345
2850 BCA 67.009 39.292
2851 BCA 106.411 87.745
2852 BCA 106.411 87.745
2853 BCA 67.009 26.916
2854 BCA 67.009 36.19
2855 BCA 67.009 19.328
2856 BCA 106.411 87.745
2857 BCA 106.411 87.745
2858 BCA 106.411 87.745
2859 BCA 67.009 35.82
2860 BCA 103.686 57.356
2861 BCA 67.009 54.12
2862 BCA 106.411 87.745
2863 BCA 67.009 22.825
2864 BCA 106.411 67.009
2865 BCA 106.411 33.023
2866 BCA 20.496 0.622
2867 BCA 106.411 19.102
2868 BCA 67.009 42.423
2869 BCA 78.945 64.858
2870 BCA 106.411 87.745
2871 BCA 106.411 87.745
2872 BCA 67.009 26.91
2873 BCA 67.009 43.789
2874 BCA 106.411 87.745
2875 BCA 67.009 31.157
2876 BCA 106.411 30.137
2877 BCA 106.411 37.776
2878 BCA 67.009 35.887
2879 BCA 67.009 48.534
2880 BCA 67.009 64.004
2881 BCA 106.411 47.668
2882 BCA 67.009 66.692
2883 BCA 67.009 19.328
2884 BCA 67.009 63.255
2885 BCA 106.411 29.804
2886 BCA 106.411 32.881
2887 BCA 106.411 18.27
2888 BCA 106.411 39.018
2889 BCA 106.411 87.745
2890 BCA 67.009 39.424
2891 BCA 106.411 11.103
2892 BCA 67.009 46.652
2893 BCA 106.411 56.875
2894 BCA 67.009 52.026
2895 BCA 106.411 87.745
2896 BCA 106.411 83.272
2897 BCA 67.009 33.796
2898 BCA 106.411 55.647
2899 BCA 67.009 29.819
2900 BCA 106.411 30.403
2901 BCA 106.411 87.745
2902 BCA 106.411 55.112
2903 BCA 67.009 29.303
2904 BCA 67.009 16.582
2905 BCA 67.009 19.161
2906 BCA 106.411 50.497
2907 BCA 67.009 20.098
2908 BCA 106.411 87.745
2909 BCA 67.009 66.213
2910 BCA 67.009 65.322
2911 BCA 95.481 87.745
2912 BCA 106.411 19.589
2913 BCA 106.411 87.745
2914 BCA 87.745 68.927
2915 BCA 67.009 35.406
2916 BCA 106.411 42.479
2917 BCA 106.411 87.745
2918 BCA 106.411 87.745
2919 BCA 106.411 29.804
2920 BCA 106.411 87.745
2921 BCA 106.411 29.804
2922 BCA 67.009 61.491
2923 BCA 106.411 81.679
2924 BCA 106.411 29.804
2925 BCA 106.411 84.371
2926 BCA 106.411 35.678
2927 BCA 106.411 29.804
2928 BCA 106.411 27.196
2929 BCA 103.325 87.745
2930 BCA 67.009 59.391
2931 BCA 106.411 65.048
2932 BCA 106.411 29.804
2933 BCA 82.539 11.022
2934 BCA 106.411 87.745
2935 BCA 106.411 87.745
2936 BCA 106.411 87.745
2937 BCA 67.009 45.733
2938 BCA 106.411 87.745
2939 BCA 106.411 27.849
2940 BCA 106.411 87.745
2941 BCA 67.009 19.328
2942 BCA 106.411 37.132
2943 BCA 99.387 42.87
2944 BCA 67.009 2.33
2945 BCA 106.411 39.034
2946 BCA 106.411 3.221
2947 BCA 87.745 53.994
2948 BCA 106.411 52.093
2949 BCA 106.411 52.615
2950 BCA 106.411 65.475
2951 BCA 67.009 38.757
2952 BCA 106.411 73.231
2953 BCA 67.009 28.643
2954 BCA 106.411 26.256
2955 BCA 106.411 87.745
2956 BCA 106.411 87.745
2957 BCA 67.009 52.49
2958 BCA 67.009 62.813
2959 BCA 67.009 6.39
2960 BCA 106.411 66.09
2961 BCA 67.009 65.073
2962 BCA 92.9 87.745
2963 BCA 60.252 42.448
2964 BCA 106.411 87.745
2965 BCA 67.009 37.115
2966 BCA 68.374 55.684
2967 BCA 106.411 3.247
2968 BCA 87.745 27.067
2969 BCA 67.009 19.328
2970 BCA 82.567 4.981
2971 BCA 87.745 77.776
2972 BCA 106.411 29.804
2973 BCA 106.411 87.745
2974 BCA 106.411 29.804
2975 BCA 67.009 39.8
2976 BCA 106.411 29.804
2977 BCA 87.745 56.654
2978 BCA 106.411 44.258
2979 BCA 87.745 70.374
2980 BCA 102.763 65.959
2981 BCA 106.411 40.294
2982 BCA 106.411 87.745
2983 BCA 106.411 47.907
2984 BCA 56.629 28.554
2985 BCA 106.411 67.009
2986 BCA 106.411 29.804
2987 BCA 106.411 16.366
2988 BCA 106.411 51.399
2989 BCA 106.411 87.745
2990 BCA 92.218 29.804
2991 BCA 106.411 87.745
2992 BCA 106.411 31.256
2993 BCA 74.643 29.804
2994 BCA 67.009 19.328
2995 BCA 106.411 41.279
2996 BCA 106.411 27.006
2997 BCA 106.411 87.745
2998 BCA 46.372 37.065
2999 BCA 87.745 29.804
3000 BCA 106.411 87.745
