gene topology T1 T2
1 ABC 98.781 67.009
2 ABC 106.411 67.009
3 ABC 106.411 67.009
4 ABC 106.411 67.009
5 ABC 106.411 67.009
6 ABC 19.328 11.879
7 ABC 106.411 67.009
8 ABC 106.411 67.009
9 ABC 106.411 67.009
10 ABC 106.411 67.009
11 ABC 106.411 67.009
12 ABC 106.411 67.009
13 ABC 106.411 67.009
14 ABC 106.411 67.009
15 ABC 106.411 67.009
16 ABC 106.411 67.009
17 ABC 106.411 67.009
18 ABC 106.411 67.009
19 ABC 150 67.009
20 ABC 106.411 67.009
21 ABC 106.411 67.009
22 ABC 106.411 13.808
23 ABC 106.411 67.009
24 ABC 106.411 67.009
25 ABC 106.411 67.009
26 ABC 106.411 67.009
27 ABC 143.13 67.009
28 ABC 106.411 67.009
29 ABC 106.411 67.009
30 ABC 106.411 67.009
31 ABC 106.411 67.009
32 ABC 106.411 67.009
33 ABC 106.411 67.009
34 ABC 106.411 67.009
35 ABC 106.411 67.009
36 ABC 150 67.009
37 ABC 143.13 19.328
38 ABC 106.411 67.009
39 ABC 106.411 67.009
40 ABC 106.411 67.009
41 ABC 150 67.009
42 ABC 106.411 67.009
43 ABC 106.411 67.009
44 ABC 106.411 67.009
45 ABC 106.411 67.009
46 ABC 106.411 67.009
47 ABC 106.411 67.009
48 ABC 106.411 67.009
49 ABC 106.411 67.009
50 ABC 106.411 67.009
51 ABC 129.245 67.009
52 ABC 106.411 67.009
53 ABC 106.411 67.009
54 ABC 106.411 67.009
55 ABC 106.411 67.009
56 ABC 106.411 67.009
57 ABC 106.411 56.806
58 ABC 106.411 67.009
59 ABC 106.411 67.009
60 ABC 106.411 67.009
61 ABC 106.411 67.009
62 ABC 106.411 67.009
63 ABC 107.728 67.009
64 ABC 150 67.009
65 ABC 143.13 67.009
66 ABC 106.411 67.009
67 ABC 106.411 67.009
68 ABC 106.411 3.568
69 ABC 106.411 67.009
70 ABC 106.411 67.009
71 ABC 106.411 67.009
72 ABC 106.411 67.009
73 ABC 106.411 67.009
74 ABC 106.411 38.7
75 ABC 106.411 67.009
76 ABC 106.411 67.009
77 ABC 106.411 67.009
78 ABC 127.07 67.009
79 ABC 106.411 67.009
80 ABC 106.411 67.009
81 ABC 106.411 67.009
82 ABC 106.411 67.009
83 ABC 106.411 67.009
84 ABC 106.411 67.009
85 ABC 106.411 67.009
86 ABC 143.13 67.009
87 ABC 106.411 67.009
88 ABC 106.411 67.009
89 ABC 106.411 67.009
90 ABC 106.411 67.009
91 ABC 106.411 67.009
92 ABC 106.411 67.009
93 ABC 106.411 67.009
94 ABC 106.411 67.009
95 ABC 106.288 67.009
96 ABC 106.411 86.771
97 ABC 106.411 67.009
98 ABC 106.411 67.009
99 ABC 106.411 67.009
100 ABC 106.411 67.009
101 ABC 98.781 67.009
102 ABC 106.411 67.009
103 ABC 106.411 67.009
104 ABC 106.411 67.009
105 ABC 106.411 67.009
106 ABC 106.411 67.009
107 ABC 106.411 67.009
108 ABC 106.411 67.009
109 ABC 106.411 67.009
110 ABC 106.411 67.009
111 ABC 106.411 67.009
112 ABC 106.411 67.009
113 ABC 86.771 67.009
114 ABC 106.411 67.009
115 ABC 143.13 67.009
116 ABC 106.411 67.009
117 ABC 106.411 67.009
118 ABC 106.411 67.009
119 ABC 143.13 67.009
120 ABC 106.411 67.009
121 ABC 106.411 67.009
122 ABC 106.411 67.009
123 ABC 106.411 67.009
124 ABC 106.411 67.009
125 ABC 106.411 67.009
126 ABC 106.411 67.009
127 ABC 120.234 67.009
128 ABC 106.411 67.009
129 ABC 106.411 67.009
130 ABC 106.411 67.009
131 ABC 106.411 67.009
132 ABC 106.411 67.009
133 ABC 106.411 67.009
134 ABC 106.411 67.009
135 ABC 106.411 67.009
136 ABC 106.411 67.009
137 ABC 106.411 67.009
138 ABC 106.411 67.009
139 ABC 106.411 67.009
140 ABC 106.411 67.009
141 ABC 62.3 4.381
142 ABC 106.411 67.009
143 ABC 106.411 67.009
144 ABC 143.13 67.009
145 ABC 106.411 67.009
146 ABC 106.411 67.009
147 ABC 106.411 67.009
148 ABC 143.13 67.009
149 ABC 106.411 67.009
150 ABC 106.411 67.009
151 ABC 106.411 67.009
152 ABC 106.411 67.009
153 ABC 143.13 67.009
154 ABC 106.411 67.009
155 ABC 143.13 87.621
156 ABC 106.411 67.009
157 ABC 106.411 67.009
158 ABC 106.411 67.009
159 ABC 106.411 67.009
160 ABC 106.411 67.009
161 ABC 106.411 67.009
162 ABC 106.411 67.009
163 ABC 106.411 67.009
164 ABC 143.13 136.68
165 ABC 106.411 67.009
166 ABC 106.411 67.009
167 ABC 106.411 67.009
168 ABC 106.411 67.009
169 ABC 143.13 67.009
170 ABC 143.13 67.009
171 ABC 106.411 67.009
172 ABC 150 67.009
173 ABC 134.69 67.009
174 ABC 106.411 67.009
175 ABC 106.411 67.009
176 ABC 106.411 67.009
177 ABC 106.411 67.009
178 ABC 106.411 67.009
179 ABC 106.411 67.009
180 ABC 106.411 67.009
181 ABC 106.411 67.009
182 ABC 106.411 67.009
183 ABC 106.411 67.009
184 ABC 106.411 67.009
185 ABC 143.13 67.009
186 ABC 106.411 67.009
187 ABC 106.411 67.009
188 ABC 106.411 67.009
189 ABC 106.411 86.771
190 ABC 106.411 67.009
191 ABC 106.411 67.009
192 ABC 106.411 67.009
193 ABC 106.411 67.009
194 ABC 106.411 67.009
195 ABC 106.411 67.009
196 ABC 106.411 67.009
197 ABC 106.411 67.009
198 ABC 106.411 67.009
199 ABC 106.411 67.009
200 ABC 106.411 67.009
201 ABC 106.411 67.009
202 ABC 106.411 67.009
203 ABC 150 67.009
204 ABC 106.411 67.009
205 ABC 106.411 67.009
206 ABC 106.411 67.009
207 ABC 106.411 67.009
208 ABC 106.411 67.009
209 ABC 106.411 67.009
210 ABC 106.411 67.009
211 ABC 106.411 67.009
212 ABC 106.411 67.009
213 ABC 106.411 67.009
214 ABC 106.411 67.009
215 ABC 106.411 67.009
216 ABC 106.411 67.009
217 ABC 106.411 67.009
218 ABC 106.411 67.009
219 ABC 106.411 67.009
220 ABC 106.411 67.009
221 ABC 106.411 67.009
222 ABC 106.411 67.009
223 ABC 106.411 67.009
224 ABC 106.411 67.009
225 ABC 106.411 67.009
226 ABC 106.411 67.009
227 ABC 106.411 67.009
228 ABC 106.411 67.009
229 ABC 106.411 67.009
230 ABC 106.411 67.009
231 ABC 106.411 67.009
232 ABC 150 67.009
233 ABC 106.411 67.009
234 ABC 106.411 67.009
235 ABC 106.411 67.009
236 ABC 143.13 67.009
237 ABC 87.745 67.009
238 ABC 143.13 67.009
239 ABC 106.411 67.009
240 ABC 106.411 67.009
241 ABC 106.411 67.009
242 ABC 150 67.009
243 ABC 106.411 67.009
244 ABC 106.411 67.009
245 ABC 106.411 67.009
246 ABC 106.411 67.009
247 ABC 106.411 67.009
248 ABC 106.411 67.009
249 ABC 106.411 67.009
250 ABC 106.411 67.009
251 ABC 129.245 67.009
252 ABC 106.411 67.009
253 ABC 106.411 67.009
254 ABC 106.411 67.009
255 ABC 106.411 67.009
256 ABC 106.411 67.009
257 ABC 106.411 67.009
258 ABC 106.411 67.009
259 ABC 106.411 67.009
260 ABC 106.411 67.009
261 ABC 150 32.169
262 ABC 106.411 67.009
263 ABC 106.411 67.009
264 ABC 106.411 67.009
265 ABC 106.411 67.009
266 ABC 106.411 67.009
267 ABC 143.13 67.009
268 ABC 106.411 67.009
269 ABC 106.411 67.009
270 ABC 106.411 67.009
271 ABC 106.411 67.009
272 ABC 106.411 67.009
273 ABC 106.411 67.009
274 ABC 106.411 67.009
275 ABC 107.728 67.009
276 ABC 106.411 26.908
277 ABC 106.411 67.009
278 ABC 106.411 67.009
279 ABC 106.411 67.009
280 ABC 106.411 67.009
281 ABC 106.411 67.009
282 ABC 106.411 67.009
283 ABC 106.411 67.009
284 ABC 143.13 67.009
285 ABC 106.411 67.009
286 ABC 106.411 67.009
287 ABC 143.13 67.009
288 ABC 106.411 67.009
289 ABC 106.411 67.009
290 ABC 106.411 67.009
291 ABC 106.411 67.009
292 ABC 106.411 67.009
293 ABC 106.411 67.009
294 ABC 106.411 67.009
295 ABC 106.411 67.009
296 ABC 143.13 67.009
297 ABC 143.13 67.009
298 ABC 106.411 67.009
299 ABC 106.411 67.009
300 ABC 106.411 67.009
301 ABC 106.411 67.009
302 ABC 106.411 67.009
303 ABC 120.234 67.009
304 ABC 107.728 41.77
305 ABC 106.411 67.009
306 ABC 150 67.009
307 ABC 106.411 67.009
308 ABC 106.411 67.009
309 ABC 150 67.009
310 ABC 143.13 67.009
311 ABC 106.411 67.009
312 ABC 106.411 67.009
313 ABC 106.411 67.009
314 ABC 143.13 67.009
315 ABC 106.411 67.009
316 ABC 106.411 67.009
317 ABC 106.411 67.009
318 ABC 106.411 67.009
319 ABC 106.411 67.009
320 ABC 106.411 67.009
321 ABC 106.411 67.009
322 ABC 106.411 67.009
323 ABC 106.411 67.009
324 ABC 106.411 67.009
325 ABC 107.728 67.009
326 ABC 106.411 67.009
327 ABC 106.411 67.009
328 ABC 106.411 67.009
329 ABC 106.411 67.009
330 ABC 106.411 67.009
331 ABC 106.411 67.009
332 ABC 106.411 5.679
333 ABC 106.411 67.009
334 ABC 106.411 67.009
335 ABC 106.411 67.009
336 ABC 106.411 67.009
337 ABC 106.411 67.009
338 ABC 106.411 67.009
339 ABC 106.411 67.009
340 ABC 106.411 67.009
341 ABC 106.411 67.009
342 ABC 106.411 67.009
343 ABC 106.411 67.009
344 ABC 106.411 67.009
345 ABC 106.411 67.009
346 ABC 106.411 67.009
347 ABC 106.411 67.009
348 ABC 106.411 67.009
349 ABC 106.411 67.009
350 ABC 106.411 67.009
351 ABC 106.411 67.009
352 ABC 106.411 67.009
353 ABC 106.411 67.009
354 ABC 150 50.678
355 ABC 106.411 67.009
356 ABC 106.411 67.009
357 ABC 106.411 67.009
358 ABC 106.411 67.009
359 ABC 106.411 67.009
360 ABC 106.411 67.009
361 ABC 106.411 67.009
362 ABC 106.411 67.009
363 ABC 106.411 67.009
364 ABC 106.411 67.009
365 ABC 106.411 67.009
366 ABC 106.411 67.009
367 ABC 106.411 67.009
368 ABC 106.411 67.009
369 ABC 120.234 106.411
370 ABC 106.411 67.009
371 ABC 106.411 67.009
372 ABC 106.411 67.009
373 ABC 106.411 67.009
374 ABC 106.411 67.009
375 ABC 106.411 67.009
376 ABC 106.411 67.009
377 ABC 106.411 67.009
378 ABC 106.411 67.009
379 ABC 106.411 67.009
380 ABC 106.411 67.009
381 ABC 106.411 67.009
382 ABC 106.411 67.009
383 ABC 106.411 67.009
384 ABC 143.13 67.009
385 ABC 106.411 67.009
386 ABC 106.411 67.009
387 ABC 106.411 67.009
388 ABC 106.411 67.009
389 ABC 106.411 67.009
390 ABC 106.411 67.009
391 ABC 106.411 67.009
392 ABC 106.411 67.009
393 ABC 120.234 67.009
394 ABC 106.411 67.009
395 ABC 106.411 67.009
396 ABC 106.411 67.009
397 ABC 143.13 67.009
398 ABC 86.771 67.009
399 ABC 106.411 67.009
400 ABC 106.411 67.009
401 ABC 106.411 67.009
402 ABC 143.13 67.009
403 ABC 106.411 67.009
404 ABC 106.411 67.009
405 ABC 106.411 67.009
406 ABC 106.411 67.009
407 ABC 106.411 67.009
408 ABC 86.374 67.009
409 ABC 106.411 67.009
410 ABC 143.13 67.009
411 ABC 106.411 67.009
412 ABC 106.411 67.009
413 ABC 106.411 67.009
414 ABC 106.411 67.009
415 ABC 106.411 67.009
416 ABC 106.411 67.009
417 ABC 106.411 67.009
418 ABC 106.411 67.009
419 ABC 106.411 67.009
420 ABC 106.411 67.009
421 ABC 106.411 67.009
422 ABC 106.411 67.009
423 ABC 106.411 67.009
424 ABC 106.411 67.009
425 ABC 106.411 67.009
426 ABC 106.411 67.009
427 ABC 106.411 67.009
428 ABC 106.411 67.009
429 ABC 106.411 67.009
430 ABC 106.411 67.009
431 ABC 106.411 67.009
432 ABC 106.411 67.009
433 ABC 106.411 67.009
434 ABC 106.411 67.009
435 ABC 106.411 67.009
436 ABC 106.411 67.009
437 ABC 106.411 67.009
438 ABC 106.411 67.009
439 ABC 106.411 67.009
440 ABC 106.411 67.009
441 ABC 106.411 67.009
442 ABC 106.411 67.009
443 ABC 106.411 67.009
444 ABC 143.13 67.009
445 ABC 106.411 67.009
446 ABC 143.13 67.009
447 ABC 106.411 67.009
448 ABC 106.411 67.009
449 ABC 106.411 67.009
450 ABC 106.411 67.009
451 ABC 106.411 67.009
452 ABC 106.411 67.009
453 ABC 106.411 67.009
454 ABC 106.411 67.009
455 ABC 106.411 67.009
456 ABC 106.411 67.009
457 ABC 106.411 67.009
458 ABC 106.411 67.009
459 ABC 106.411 67.009
460 ABC 106.411 67.009
461 ABC 106.411 67.009
462 ABC 106.411 67.009
463 ABC 106.411 67.009
464 ABC 106.411 67.009
465 ABC 107.728 67.009
466 ABC 106.411 67.009
467 ABC 143.13 67.009
468 ABC 106.411 67.009
469 ABC 106.411 67.009
470 ABC 143.13 67.009
471 ABC 106.411 67.009
472 ABC 120.234 67.009
473 ABC 106.411 67.009
474 ABC 106.411 67.009
475 ABC 106.411 67.009
476 ABC 106.411 67.009
477 ABC 86.771 67.009
478 ABC 106.411 67.009
479 ABC 85.719 67.009
480 ABC 143.13 67.009
481 ABC 106.411 67.009
482 ABC 106.411 67.009
483 ABC 120.234 67.009
484 ABC 106.411 67.009
485 ABC 106.411 67.009
486 ABC 106.411 32.169
487 ABC 106.411 67.009
488 ABC 106.411 67.009
489 ABC 106.411 67.009
490 ABC 106.411 67.009
491 ABC 106.411 67.009
492 ABC 143.13 24.498
493 ABC 106.411 67.009
494 ABC 120.234 67.009
495 ABC 106.411 67.009
496 ABC 106.411 67.009
497 ABC 106.411 67.009
498 ABC 106.411 67.009
499 ABC 143.13 67.009
500 ABC 106.411 67.009
501 ABC 143.13 67.009
502 ABC 106.411 67.009
503 ABC 106.411 67.009
504 ABC 106.411 67.009
505 ABC 106.411 67.009
506 ABC 106.411 67.009
507 ABC 106.411 67.009
508 ABC 143.13 67.009
509 ABC 150 67.009
510 ABC 143.13 67.009
511 ABC 136.76 67.009
512 ABC 106.411 67.009
513 ABC 106.411 67.009
514 ABC 106.411 67.009
515 ABC 106.411 67.009
516 ABC 106.411 67.009
517 ABC 106.411 67.009
518 ABC 106.411 67.009
519 ABC 106.411 67.009
520 ABC 106.411 67.009
521 ABC 106.411 67.009
522 ABC 106.411 67.009
523 ABC 106.411 67.009
524 ABC 106.411 67.009
525 ABC 106.411 67.009
526 ABC 106.411 67.009
527 ABC 106.411 67.009
528 ABC 106.411 67.009
529 ABC 106.411 32.169
530 ABC 106.411 67.009
531 ABC 106.411 67.009
532 ABC 143.13 67.009
533 ABC 106.411 67.009
534 ABC 143.13 67.009
535 ABC 106.411 67.009
536 ABC 106.411 67.009
537 ABC 106.411 67.009
538 ABC 106.411 67.009
539 ABC 106.411 67.009
540 ABC 143.13 67.009
541 ABC 106.411 67.009
542 ABC 106.411 62.845
543 ABC 106.411 67.009
544 ABC 106.411 67.009
545 ABC 106.411 67.009
546 ABC 106.411 67.009
547 ABC 106.411 67.009
548 ABC 106.411 67.009
549 ABC 106.411 26.908
550 ABC 106.411 67.009
551 ABC 106.411 67.009
552 ABC 106.411 67.009
553 ABC 106.411 67.009
554 ABC 150 67.009
555 ABC 106.411 67.009
556 ABC 106.411 67.009
557 ABC 106.411 67.009
558 ABC 106.411 67.009
559 ABC 106.411 67.009
560 ABC 106.411 67.009
561 ABC 106.411 67.009
562 ABC 106.411 67.009
563 ABC 106.411 67.009
564 ABC 106.411 67.009
565 ABC 143.13 67.009
566 ABC 106.411 67.009
567 ABC 106.411 67.009
568 ABC 106.411 67.009
569 ABC 106.411 67.009
570 ABC 143.13 67.009
571 ABC 106.411 67.009
572 ABC 106.411 67.009
573 ABC 106.411 67.009
574 ABC 106.411 67.009
575 ABC 143.13 67.009
576 ABC 106.411 67.009
577 ABC 106.411 67.009
578 ABC 106.411 67.009
579 ABC 143.13 86.46
580 ABC 106.411 67.009
581 ABC 106.411 67.009
582 ABC 106.411 67.009
583 ABC 106.411 67.009
584 ABC 106.411 67.009
585 ABC 106.411 67.009
586 ABC 106.411 67.009
587 ABC 106.411 67.009
588 ABC 106.411 67.009
589 ABC 106.411 67.009
590 ABC 106.411 67.009
591 ABC 106.411 67.009
592 ABC 106.411 67.009
593 ABC 106.411 67.009
594 ABC 106.411 67.009
595 ABC 106.411 18.402
596 ABC 106.411 67.009
597 ABC 106.411 67.009
598 ABC 106.411 67.009
599 ABC 106.411 67.009
600 ABC 120.234 67.009
601 ABC 106.411 67.009
602 ABC 106.411 67.009
603 ABC 106.411 67.009
604 ABC 106.411 67.009
605 ABC 107.728 67.009
606 ABC 106.411 67.009
607 ABC 106.411 67.009
608 ABC 106.411 67.009
609 ABC 106.411 67.009
610 ABC 106.411 67.009
611 ABC 106.411 67.009
612 ABC 106.411 67.009
613 ABC 106.411 67.009
614 ABC 106.411 67.009
615 ABC 106.411 67.009
616 ABC 106.411 67.009
617 ABC 150 67.009
618 ABC 106.411 67.009
619 ABC 106.411 67.009
620 ABC 106.411 67.009
621 ABC 106.411 67.009
622 ABC 106.411 67.009
623 ABC 106.411 67.009
624 ABC 150 67.009
625 ABC 106.411 67.009
626 ABC 106.411 67.009
627 ABC 106.411 67.009
628 ABC 106.411 67.009
629 ABC 106.411 67.009
630 ABC 106.411 67.009
631 ABC 106.411 67.009
632 ABC 106.411 67.009
633 ABC 106.411 67.009
634 ABC 106.411 67.009
635 ABC 106.411 67.009
636 ABC 106.411 67.009
637 ABC 106.411 67.009
638 ABC 106.411 67.009
639 ABC 106.411 67.009
640 ABC 106.411 67.009
641 ABC 106.411 67.009
642 ABC 106.411 67.009
643 ABC 106.411 67.009
644 ABC 106.411 67.009
645 ABC 106.411 67.009
646 ABC 106.411 67.009
647 ABC 106.411 67.009
648 ABC 106.411 67.009
649 ABC 106.411 67.009
650 ABC 106.411 67.009
651 ABC 106.411 67.009
652 ABC 143.13 67.009
653 ABC 106.411 67.009
654 ABC 106.411 67.009
655 ABC 106.411 67.009
656 ABC 106.411 67.009
657 ABC 106.411 67.009
658 ABC 86.771 67.009
659 ABC 106.411 24.498
660 ABC 106.411 67.009
661 ABC 106.411 67.009
662 ABC 106.411 67.009
663 ABC 106.411 67.009
664 ABC 106.411 67.009
665 ABC 106.411 67.009
666 ABC 106.411 67.009
667 ABC 127.07 67.009
668 ABC 106.411 67.009
669 ABC 106.411 67.009
670 ABC 106.411 67.009
671 ABC 143.13 67.009
672 ABC 106.411 67.009
673 ABC 136.68 67.009
674 ABC 106.411 67.009
675 ABC 106.411 67.009
676 ABC 106.411 67.009
677 ABC 106.411 67.009
678 ABC 106.411 67.009
679 ABC 106.411 67.009
680 ABC 120.234 67.009
681 ABC 150 143.13
682 ABC 136.68 67.009
683 ABC 145.12 67.009
684 ABC 106.411 67.009
685 ABC 106.411 67.009
686 ABC 143.13 67.009
687 ABC 106.411 67.009
688 ABC 106.411 67.009
689 ABC 143.13 67.009
690 ABC 106.411 67.009
691 ABC 106.411 67.009
692 ABC 107.682 67.009
693 ABC 106.411 67.009
694 ABC 106.411 67.009
695 ABC 106.411 67.009
696 ABC 150 67.009
697 ABC 106.411 67.009
698 ABC 106.411 67.009
699 ABC 106.411 67.009
700 ABC 106.411 67.009
701 ABC 106.411 67.009
702 ABC 106.411 67.009
703 ABC 106.411 67.009
704 ABC 106.411 67.009
705 ABC 106.411 67.009
706 ABC 106.411 67.009
707 ABC 106.411 67.009
708 ABC 106.411 67.009
709 ABC 106.411 67.009
710 ABC 143.13 106.411
711 ABC 106.411 67.009
712 ABC 106.411 67.009
713 ABC 106.411 67.009
714 ABC 106.411 67.009
715 ABC 106.411 67.009
716 ABC 106.411 67.009
717 ABC 106.411 67.009
718 ABC 106.411 67.009
719 ABC 106.411 67.009
720 ABC 106.411 67.009
721 ABC 106.411 67.009
722 ABC 106.411 67.009
723 ABC 106.411 67.009
724 ABC 106.411 67.009
725 ABC 106.411 67.009
726 ABC 106.411 67.009
727 ABC 106.411 67.009
728 ABC 106.411 67.009
729 ABC 106.411 67.009
730 ABC 106.411 67.009
731 ABC 150 67.009
732 ABC 106.411 67.009
733 ABC 106.411 67.009
734 ABC 84.461 67.009
735 ABC 106.411 67.009
736 ABC 106.411 67.009
737 ABC 106.411 67.009
738 ABC 106.411 67.009
739 ABC 106.411 67.009
740 ABC 150 67.009
741 ABC 150 67.009
742 ABC 106.411 67.009
743 ABC 106.411 67.009
744 ABC 106.411 67.009
745 ABC 106.411 67.009
746 ABC 143.13 136.68
747 ABC 106.411 67.009
748 ABC 106.411 67.009
749 ABC 106.411 67.009
750 ABC 106.411 67.009
751 ABC 106.411 67.009
752 ABC 106.411 67.009
753 ABC 106.411 67.009
754 ABC 143.13 67.009
755 ABC 143.13 67.009
756 ABC 106.411 67.009
757 ABC 106.411 67.009
758 ABC 106.411 67.009
759 ABC 106.411 67.009
760 ABC 106.411 67.009
761 ABC 106.411 67.009
762 ABC 106.411 67.009
763 ABC 106.411 67.009
764 ABC 106.411 67.009
765 ABC 106.411 67.009
766 ABC 106.411 67.009
767 ABC 106.411 67.009
768 ABC 106.411 67.009
769 ABC 106.411 67.009
770 ABC 143.13 67.009
771 ABC 106.411 67.009
772 ABC 106.411 67.009
773 ABC 107.728 67.009
774 ABC 106.411 67.009
775 ABC 106.411 67.009
776 ABC 106.411 67.009
777 ABC 106.411 67.009
778 ABC 107.728 67.009
779 ABC 106.411 67.009
780 ABC 106.411 67.009
781 ABC 106.411 67.009
782 ABC 106.411 67.009
783 ABC 106.411 67.009
784 ABC 143.13 67.009
785 ABC 107.728 67.009
786 ABC 150 67.009
787 ABC 106.411 67.009
788 ABC 106.411 67.009
789 ABC 106.411 67.009
790 ABC 107.728 67.009
791 ABC 106.411 67.009
792 ABC 106.411 67.009
793 ABC 134.631 67.009
794 ABC 106.411 67.009
795 ABC 106.411 67.009
796 ABC 106.411 67.009
797 ABC 106.411 67.009
798 ABC 106.411 67.009
799 ABC 106.411 67.009
800 ABC 106.411 67.009
801 ABC 106.411 67.009
802 ABC 106.411 67.009
803 ABC 106.411 67.009
804 ABC 106.411 67.009
805 ABC 106.411 67.009
806 ABC 106.411 67.009
807 ABC 106.411 67.009
808 ABC 106.411 67.009
809 ABC 143.13 67.009
810 ABC 106.411 67.009
811 ABC 106.411 67.009
812 ABC 106.411 67.009
813 ABC 150 67.009
814 ABC 106.411 67.009
815 ABC 106.411 34.932
816 ABC 106.411 67.009
817 ABC 106.411 67.009
818 ABC 106.411 67.009
819 ABC 106.411 67.009
820 ABC 106.411 67.009
821 ABC 98.781 98.78
822 ABC 106.411 67.009
823 ABC 106.411 67.009
824 ABC 106.411 67.009
825 ABC 106.411 67.009
826 ABC 106.411 67.009
827 ABC 106.411 67.009
828 ABC 106.411 67.009
829 ABC 106.411 54.11
830 ABC 143.13 67.009
831 ABC 143.129 67.009
832 ABC 106.411 67.009
833 ABC 107.728 67.009
834 ABC 106.411 67.009
835 ABC 106.411 67.009
836 ABC 143.13 67.009
837 ABC 106.411 67.009
838 ABC 106.411 67.009
839 ABC 106.411 67.009
840 ABC 106.411 67.009
841 ABC 106.411 67.009
842 ABC 106.411 67.009
843 ABC 106.411 67.009
844 ABC 106.411 67.009
845 ABC 106.411 67.009
846 ABC 106.411 67.009
847 ABC 106.411 67.009
848 ABC 106.411 32.169
849 ABC 106.411 67.009
850 ABC 143.13 106.411
851 ABC 106.411 67.009
852 ABC 106.411 67.009
853 ABC 106.411 67.009
854 ABC 120.234 67.009
855 ABC 106.411 67.009
856 ABC 150 67.009
857 ABC 106.411 67.009
858 ABC 106.411 67.009
859 ABC 106.411 67.009
860 ABC 106.411 67.009
861 ABC 106.411 67.009
862 ABC 106.411 67.009
863 ABC 106.411 67.009
864 ABC 107.728 67.009
865 ABC 106.411 67.009
866 ABC 106.411 67.009
867 ABC 150 67.009
868 ABC 106.411 67.009
869 ABC 106.411 67.009
870 ABC 106.411 67.009
871 ABC 106.411 67.009
872 ABC 106.411 67.009
873 ABC 106.411 67.009
874 ABC 106.411 67.009
875 ABC 106.411 67.009
876 ABC 106.411 67.009
877 ABC 106.411 67.009
878 ABC 106.411 67.009
879 ABC 106.411 67.009
880 ABC 106.411 67.009
881 ABC 106.411 67.009
882 ABC 138.285 67.009
883 ABC 106.411 67.009
884 ABC 106.411 67.009
885 ABC 106.411 67.009
886 ABC 143.13 67.009
887 ABC 106.411 67.009
888 ABC 106.411 67.009
889 ABC 106.411 67.009
890 ABC 143.13 67.009
891 ABC 106.411 67.009
892 ABC 106.411 67.009
893 ABC 143.13 67.009
894 ABC 106.411 67.009
895 ABC 106.411 67.009
896 ABC 106.411 67.009
897 ABC 143.13 67.009
898 ABC 106.411 67.009
899 ABC 143.13 67.009
900 ABC 106.411 67.009
901 ABC 106.411 67.009
902 ABC 106.411 67.009
903 ABC 106.411 67.009
904 ABC 143.13 18.402
905 ABC 106.411 59.984
906 ABC 106.411 19.328
907 ABC 143.13 67.009
908 ABC 106.411 67.009
909 ABC 107.728 67.009
910 ABC 106.411 67.009
911 ABC 106.411 67.009
912 ABC 106.411 67.009
913 ABC 106.411 67.009
914 ABC 106.411 67.009
915 ABC 106.411 67.009
916 ABC 106.411 67.009
917 ABC 150 54.889
918 ABC 106.411 67.009
919 ABC 106.411 67.009
920 ABC 106.411 67.009
921 ABC 106.411 67.009
922 ABC 106.411 67.009
923 ABC 106.411 67.009
924 ABC 106.411 67.009
925 ABC 106.411 67.009
926 ABC 118.824 67.009
927 ABC 106.411 67.009
928 ABC 106.411 67.009
929 ABC 106.411 67.009
930 ABC 106.411 67.009
931 ABC 106.411 67.009
932 ABC 106.411 67.009
933 ABC 106.411 67.009
934 ABC 106.411 67.009
935 ABC 106.411 67.009
936 ABC 106.411 67.009
937 ABC 106.411 67.009
938 ABC 106.411 67.009
939 ABC 106.411 67.009
940 ABC 107.728 67.009
941 ABC 106.411 67.009
942 ABC 106.411 67.009
943 ABC 106.411 67.009
944 ABC 106.411 67.009
945 ABC 106.411 67.009
946 ABC 106.411 67.009
947 ABC 106.411 67.009
948 ABC 106.411 67.009
949 ABC 106.411 67.009
950 ABC 106.411 67.009
951 ABC 143.13 67.009
952 ABC 106.411 67.009
953 ABC 106.411 67.009
954 ABC 143.13 67.009
955 ABC 106.411 67.009
956 ABC 106.411 67.009
957 ABC 106.411 67.009
958 ABC 106.411 67.009
959 ABC 106.411 67.009
960 ABC 106.411 67.009
961 ABC 106.411 67.009
962 ABC 106.411 67.009
963 ABC 106.411 67.009
964 ABC 106.411 67.009
965 ABC 150 67.009
966 ABC 106.411 67.009
967 ABC 106.411 67.009
968 ABC 106.411 67.009
969 ABC 106.411 67.009
970 ABC 106.411 67.009
971 ABC 106.411 7.559
972 ABC 106.411 67.009
973 ABC 106.411 67.009
974 ABC 106.411 67.009
975 ABC 106.411 67.009
976 ABC 106.411 67.009
977 ABC 106.411 67.009
978 ABC 150 67.009
979 ABC 106.411 67.009
980 ABC 106.411 67.009
981 ABC 106.411 67.009
982 ABC 143.13 67.009
983 ABC 143.13 67.009
984 ABC 106.411 67.009
985 ABC 106.411 67.009
986 ABC 106.411 67.009
987 ABC 106.411 67.009
988 ABC 106.411 67.009
989 ABC 106.411 67.009
990 ABC 106.411 67.009
991 ABC 106.411 67.009
992 ABC 106.411 67.009
993 ABC 106.411 67.009
994 ABC 106.411 67.009
995 ABC 106.411 67.009
996 ABC 106.411 67.009
997 ABC 143.13 67.009
998 ABC 106.411 67.009
999 ABC 87.745 67.009
1000 ABC 143.13 106.411
1001 ABC 143.13 67.009
1002 ABC 106.411 67.009
1003 ABC 141.282 55.735
1004 ABC 106.411 67.009
1005 ABC 106.411 67.009
1006 ABC 106.411 67.009
1007 ABC 106.411 67.009
1008 ABC 106.411 67.009
1009 ABC 143.13 67.009
1010 ABC 106.411 67.009
1011 ABC 106.411 67.009
1012 ABC 106.411 67.009
1013 ABC 143.129 67.009
1014 ABC 106.411 34.932
1015 ABC 106.411 67.009
1016 ABC 106.411 67.009
1017 ABC 106.411 67.009
1018 ABC 106.411 67.009
1019 ABC 106.411 67.009
1020 ABC 106.411 67.009
1021 ABC 106.411 67.009
1022 ABC 106.411 67.009
1023 ABC 106.411 67.009
1024 ABC 106.411 67.009
1025 ABC 106.411 67.009
1026 ABC 106.411 67.009
1027 ABC 106.411 67.009
1028 ABC 106.411 67.009
1029 ABC 106.411 67.009
1030 ABC 106.411 67.009
1031 ABC 106.411 67.009
1032 ABC 106.411 67.009
1033 ABC 106.411 67.009
1034 ABC 106.411 67.009
1035 ABC 106.411 67.009
1036 ABC 106.411 67.009
1037 ABC 106.411 67.009
1038 ABC 106.411 67.009
1039 ABC 106.411 67.009
1040 ABC 106.411 28.36
1041 ABC 106.411 67.009
1042 ABC 106.411 67.009
1043 ABC 106.411 67.009
1044 ABC 106.411 67.009
1045 ABC 106.411 67.009
1046 ABC 143.13 67.009
1047 ABC 107.728 67.009
1048 ABC 120.234 67.009
1049 ABC 106.411 67.009
1050 ABC 106.411 67.009
1051 ABC 106.411 67.009
1052 ABC 106.411 67.009
1053 ABC 106.411 67.009
1054 ABC 106.411 67.009
1055 ABC 106.411 67.009
1056 ABC 106.411 67.009
1057 ABC 106.411 67.009
1058 ABC 106.411 67.009
1059 ABC 106.411 67.009
1060 ABC 106.411 67.009
1061 ABC 106.411 67.009
1062 ABC 106.411 67.009
1063 ABC 106.411 67.009
1064 ABC 106.411 67.009
1065 ABC 106.411 67.009
1066 ABC 106.411 67.009
1067 ABC 143.13 67.009
1068 ABC 106.411 67.009
1069 ABC 106.411 67.009
1070 ABC 106.411 67.009
1071 ABC 143.13 67.009
1072 ABC 106.411 67.009
1073 ABC 107.728 67.009
1074 ABC 106.411 67.009
1075 ABC 106.411 67.009
1076 ABC 143.13 67.009
1077 ABC 106.411 67.009
1078 ABC 106.411 67.009
1079 ABC 106.411 67.009
1080 ABC 106.411 67.009
1081 ABC 106.411 67.009
1082 ABC 106.411 67.009
1083 ABC 106.411 67.009
1084 ABC 106.411 67.009
1085 ABC 106.411 67.009
1086 ABC 106.411 67.009
1087 ABC 106.411 67.009
1088 ABC 106.411 67.009
1089 ABC 106.411 67.009
1090 ABC 106.411 67.009
1091 ABC 106.411 59.448
1092 ABC 106.411 67.009
1093 ABC 106.411 67.009
1094 ABC 106.411 67.009
1095 ABC 106.411 86.771
1096 ABC 106.411 67.009
1097 ABC 106.411 67.009
1098 ABC 120.234 67.009
1099 ABC 106.411 67.009
1100 ABC 106.411 67.009
1101 ABC 106.411 67.009
1102 ABC 106.411 67.009
1103 ABC 106.411 67.009
1104 ABC 143.13 67.009
1105 ABC 150 67.009
1106 ABC 106.411 67.009
1107 ABC 106.411 67.009
1108 ABC 106.411 67.009
1109 ABC 106.411 67.009
1110 ABC 106.411 67.009
1111 ABC 106.411 67.009
1112 ABC 106.411 67.009
1113 ABC 106.411 67.009
1114 ABC 106.411 67.009
1115 ABC 106.411 67.009
1116 ABC 106.411 67.009
1117 ABC 106.411 67.009
1118 ABC 106.411 67.009
1119 ABC 106.411 67.009
1120 ABC 106.411 67.009
1121 ABC 106.411 67.009
1122 ABC 86.771 67.009
1123 ABC 106.411 67.009
1124 ABC 106.411 67.009
1125 ABC 106.411 67.009
1126 ABC 143.13 67.009
1127 ABC 143.13 106.411
1128 ABC 106.411 67.009
1129 ABC 106.411 67.009
1130 ABC 106.411 67.009
1131 ABC 106.411 67.009
1132 ABC 106.411 67.009
1133 ABC 106.411 67.009
1134 ABC 106.411 67.009
1135 ABC 106.411 67.009
1136 ABC 106.411 67.009
1137 ABC 106.411 67.009
1138 ABC 106.411 67.009
1139 ABC 106.411 67.009
1140 ABC 106.411 67.009
1141 ABC 106.411 67.009
1142 ABC 106.411 67.009
1143 ABC 106.411 67.009
1144 ABC 106.411 67.009
1145 ABC 106.411 67.009
1146 ABC 106.411 67.009
1147 ABC 143.13 67.009
1148 ABC 143.13 67.009
1149 ABC 106.411 26.908
1150 ABC 106.411 67.009
1151 ABC 106.411 67.009
1152 ABC 106.411 67.009
1153 ABC 106.411 67.009
1154 ABC 106.411 67.009
1155 ABC 106.411 67.009
1156 ABC 106.411 67.009
1157 ABC 106.411 67.009
1158 ABC 106.411 67.009
1159 ABC 106.411 67.009
1160 ABC 106.411 67.009
1161 ABC 106.411 67.009
1162 ABC 106.411 67.009
1163 ABC 106.411 67.009
1164 ABC 106.411 67.009
1165 ABC 106.411 67.009
1166 ABC 106.411 67.009
1167 ABC 106.411 67.009
1168 ABC 106.411 15.982
1169 ABC 106.411 67.009
1170 ABC 106.411 67.009
1171 ABC 143.13 67.009
1172 ABC 106.411 67.009
1173 ABC 127.07 67.009
1174 ABC 106.411 67.009
1175 ABC 127.07 67.009
1176 ABC 106.411 67.009
1177 ABC 106.411 67.009
1178 ABC 106.411 67.009
1179 ABC 106.411 67.009
1180 ABC 106.411 67.009
1181 ABC 106.411 67.009
1182 ABC 106.411 67.009
1183 ABC 106.411 67.009
1184 ABC 91.311 67.009
1185 ABC 106.411 67.009
1186 ABC 106.411 67.009
1187 ABC 143.13 106.411
1188 ABC 106.411 67.009
1189 ABC 143.13 67.009
1190 ABC 106.411 67.009
1191 ABC 150 67.009
1192 ABC 106.411 67.009
1193 ABC 106.411 67.009
1194 ABC 106.411 67.009
1195 ABC 106.411 67.009
1196 ABC 106.411 67.009
1197 ABC 106.411 67.009
1198 ABC 106.411 67.009
1199 ABC 143.13 67.009
1200 ABC 106.411 67.009
1201 ABC 106.411 67.009
1202 ABC 106.411 67.009
1203 ABC 106.411 67.009
1204 ABC 106.411 67.009
1205 ABC 148.006 106.411
1206 ABC 106.411 67.009
1207 ABC 150 67.009
1208 ABC 106.411 67.009
1209 ABC 98.52 67.009
1210 ABC 143.13 67.009
1211 ABC 106.411 67.009
1212 ABC 106.411 67.009
1213 ABC 106.411 67.009
1214 ABC 106.411 67.009
1215 ABC 107.728 67.009
1216 ABC 106.411 67.009
1217 ABC 106.411 67.009
1218 ABC 106.411 67.009
1219 ABC 143.13 67.009
1220 ABC 106.411 67.009
1221 ABC 142.767 67.009
1222 ABC 143.13 67.009
1223 ABC 106.411 67.009
1224 ABC 106.411 67.009
1225 ABC 106.411 67.009
1226 ABC 106.411 67.009
1227 ABC 106.411 67.009
1228 ABC 106.411 67.009
1229 ABC 106.411 67.009
1230 ABC 106.411 67.009
1231 ABC 120.234 67.009
1232 ABC 106.411 67.009
1233 ABC 106.411 3.254
1234 ABC 106.411 67.009
1235 ABC 106.411 67.009
1236 ABC 106.411 67.009
1237 ABC 143.13 67.009
1238 ABC 106.411 67.009
1239 ABC 106.411 67.009
1240 ABC 106.411 67.009
1241 ABC 106.411 67.009
1242 ABC 106.411 67.009
1243 ABC 106.411 67.009
1244 ABC 106.411 67.009
1245 ABC 106.411 67.009
1246 ABC 106.411 67.009
1247 ABC 120.234 67.009
1248 ABC 106.411 67.009
1249 ABC 106.411 67.009
1250 ABC 106.411 67.009
1251 ABC 106.411 67.009
1252 ABC 106.411 67.009
1253 ABC 106.411 67.009
1254 ABC 106.411 67.009
1255 ABC 130.902 67.009
1256 ABC 106.411 67.009
1257 ABC 106.411 67.009
1258 ABC 106.411 67.009
1259 ABC 106.411 67.009
1260 ABC 106.411 67.009
1261 ABC 107.729 106.411
1262 ABC 106.411 67.009
1263 ABC 143.13 67.009
1264 ABC 106.411 67.009
1265 ABC 106.411 67.009
1266 ABC 106.411 67.009
1267 ABC 143.13 67.009
1268 ABC 106.411 67.009
1269 ABC 107.728 67.009
1270 ABC 106.411 3.05
1271 ABC 106.411 67.009
1272 ABC 106.411 67.009
1273 ABC 106.411 67.009
1274 ABC 106.411 67.009
1275 ABC 106.411 67.009
1276 ABC 106.411 67.009
1277 ABC 106.411 67.009
1278 ABC 106.411 67.009
1279 ABC 107.729 67.009
1280 ABC 106.411 67.009
1281 ABC 106.411 67.009
1282 ABC 106.411 67.009
1283 ABC 84.461 67.009
1284 ABC 106.411 67.009
1285 ABC 106.411 67.009
1286 ABC 106.411 67.009
1287 ABC 106.411 67.009
1288 ABC 106.411 67.009
1289 ABC 106.411 67.009
1290 ABC 106.411 67.009
1291 ABC 106.411 67.009
1292 ABC 106.411 67.009
1293 ABC 143.13 67.009
1294 ABC 106.411 67.009
1295 ABC 106.411 67.009
1296 ABC 143.13 67.009
1297 ABC 106.411 67.009
1298 ABC 106.411 67.009
1299 ABC 106.411 67.009
1300 ABC 143.13 67.009
1301 ABC 106.411 67.009
1302 ABC 106.411 67.009
1303 ABC 106.411 67.009
1304 ABC 106.411 67.009
1305 ABC 106.411 67.009
1306 ABC 106.411 67.009
1307 ABC 106.411 67.009
1308 ABC 106.411 67.009
1309 ABC 106.411 67.009
1310 ABC 106.411 67.009
1311 ABC 106.411 67.009
1312 ABC 143.13 67.009
1313 ABC 106.411 67.009
1314 ABC 106.411 67.009
1315 ABC 106.411 67.009
1316 ABC 106.411 67.009
1317 ABC 106.411 67.009
1318 ABC 106.411 67.009
1319 ABC 106.411 67.009
1320 ABC 106.411 67.009
1321 ABC 106.411 67.009
1322 ABC 106.411 67.009
1323 ABC 106.411 67.009
1324 ABC 106.411 67.009
1325 ABC 106.411 67.009
1326 ABC 106.411 67.009
1327 ABC 106.411 67.009
1328 ABC 106.411 67.009
1329 ABC 106.411 67.009
1330 ABC 106.411 67.009
1331 ABC 106.411 67.009
1332 ABC 106.411 67.009
1333 ABC 143.13 67.009
1334 ABC 143.13 91.311
1335 ABC 106.411 67.009
1336 ABC 106.411 67.009
1337 ABC 106.411 67.009
1338 ABC 106.411 67.009
1339 ABC 106.411 67.009
1340 ABC 106.411 67.009
1341 ABC 106.411 67.009
1342 ABC 106.411 67.009
1343 ABC 106.411 67.009
1344 ABC 106.411 67.009
1345 ABC 106.411 67.009
1346 ABC 106.411 67.009
1347 ABC 106.411 67.009
1348 ABC 106.411 67.009
1349 ABC 106.411 67.009
1350 ABC 143.13 67.009
1351 ABC 106.411 67.009
1352 ABC 106.411 67.009
1353 ABC 120.234 32.169
1354 ABC 106.411 67.009
1355 ABC 106.411 67.009
1356 ABC 106.411 67.009
1357 ABC 143.13 67.009
1358 ABC 106.411 67.009
1359 ABC 106.411 67.009
1360 ABC 106.411 67.009
1361 ABC 106.411 67.009
1362 ABC 86.771 67.009
1363 ABC 106.411 67.009
1364 ABC 106.411 67.009
1365 ABC 106.411 67.009
1366 ABC 106.411 67.009
1367 ABC 106.411 67.009
1368 ABC 106.411 67.009
1369 ABC 106.411 67.009
1370 ABC 143.13 67.009
1371 ABC 106.411 67.009
1372 ABC 106.411 67.009
1373 ABC 106.411 67.009
1374 ABC 106.411 67.009
1375 ABC 106.411 67.009
1376 ABC 106.411 67.009
1377 ABC 106.411 67.009
1378 ABC 106.411 67.009
1379 ABC 106.411 67.009
1380 ABC 106.411 67.009
1381 ABC 106.411 67.009
1382 ABC 37.579 22.358
1383 ABC 106.411 67.009
1384 ABC 106.411 67.009
1385 ABC 106.411 86.771
1386 ABC 106.411 67.009
1387 ABC 106.411 67.009
1388 ABC 106.411 67.009
1389 ABC 106.411 67.009
1390 ABC 106.411 67.009
1391 ABC 106.411 67.009
1392 ABC 106.411 67.009
1393 ABC 143.13 67.009
1394 ABC 106.411 67.009
1395 ABC 106.411 67.009
1396 ABC 106.411 67.009
1397 ABC 106.411 67.009
1398 ABC 120.234 67.009
1399 ABC 120.234 67.009
1400 ABC 106.411 67.009
1401 ABC 106.411 67.009
1402 ABC 143.13 26.908
1403 ABC 106.411 67.009
1404 ABC 106.411 67.009
1405 ABC 106.411 67.009
1406 ABC 143.129 67.009
1407 ABC 106.411 67.009
1408 ABC 106.411 67.009
1409 ABC 106.411 67.009
1410 ABC 106.411 67.009
1411 ABC 106.411 67.009
1412 ABC 106.411 67.009
1413 ABC 106.411 67.009
1414 ABC 106.411 67.009
1415 ABC 106.411 67.009
1416 ABC 106.411 67.009
1417 ABC 130.939 67.009
1418 ABC 106.411 67.009
1419 ABC 106.411 67.009
1420 ABC 143.13 67.009
1421 ABC 143.13 67.009
1422 ABC 106.411 2.273
1423 ABC 106.411 67.009
1424 ABC 106.411 67.009
1425 ABC 107.728 67.009
1426 ABC 106.411 67.009
1427 ABC 106.411 67.009
1428 ABC 106.411 67.009
1429 ABC 106.411 67.009
1430 ABC 106.411 67.009
1431 ABC 106.411 67.009
1432 ABC 106.411 67.009
1433 ABC 106.411 67.009
1434 ABC 106.411 67.009
1435 ABC 106.411 67.009
1436 ABC 106.411 67.009
1437 ABC 106.411 67.009
1438 ABC 106.411 67.009
1439 ABC 142.666 54.403
1440 ABC 84.461 67.009
1441 ABC 106.411 67.009
1442 ABC 106.411 67.009
1443 ABC 106.411 34.932
1444 ABC 106.411 67.009
1445 ABC 143.13 67.009
1446 ABC 106.411 67.009
1447 ABC 106.411 67.009
1448 ABC 106.411 67.009
1449 ABC 106.411 67.009
1450 ABC 106.411 67.009
1451 ABC 106.411 67.009
1452 ABC 150 67.009
1453 ABC 106.411 67.009
1454 ABC 106.411 67.009
1455 ABC 106.411 67.009
1456 ABC 106.411 67.009
1457 ABC 106.411 67.009
1458 ABC 86.771 67.009
1459 ABC 106.411 67.009
1460 ABC 106.411 67.009
1461 ABC 106.411 67.009
1462 ABC 106.411 67.009
1463 ABC 106.411 67.009
1464 ABC 106.411 67.009
1465 ABC 106.411 67.009
1466 ABC 106.411 67.009
1467 ABC 106.411 67.009
1468 ABC 106.411 67.009
1469 ABC 106.411 67.009
1470 ABC 106.411 67.009
1471 ABC 143.13 67.009
1472 ABC 106.411 67.009
1473 ABC 106.411 67.009
1474 ABC 106.411 65.878
1475 ABC 106.411 67.009
1476 ABC 106.411 67.009
1477 ABC 106.411 67.009
1478 ABC 106.411 67.009
1479 ABC 106.411 67.009
1480 ABC 106.411 67.009
1481 ABC 106.411 67.009
1482 ABC 106.411 67.009
1483 ABC 106.411 67.009
1484 ABC 106.411 67.009
1485 ABC 106.411 67.009
1486 ABC 106.411 67.009
1487 ABC 106.411 67.009
1488 ABC 106.411 67.009
1489 ABC 106.411 67.009
1490 ABC 106.411 67.009
1491 ABC 106.411 67.009
1492 ABC 143.13 67.009
1493 ABC 106.411 67.009
1494 ABC 106.411 67.009
1495 ABC 106.411 67.009
1496 ABC 106.411 67.009
1497 ABC 106.411 67.009
1498 ABC 106.411 67.009
1499 ABC 106.411 67.009
1500 ABC 106.411 67.009
1501 ABC 106.411 67.009
1502 ABC 106.411 67.009
1503 ABC 106.411 67.009
1504 ABC 106.411 67.009
1505 ABC 106.411 67.009
1506 ABC 106.411 67.009
1507 ABC 106.411 67.009
1508 ABC 107.728 67.009
1509 ABC 98.781 67.009
1510 ABC 106.411 67.009
1511 ABC 150 67.009
1512 ABC 106.411 67.009
1513 ABC 106.411 55.847
1514 ABC 106.411 67.009
1515 ABC 106.411 67.009
1516 ABC 106.411 67.009
1517 ABC 106.411 67.009
1518 ABC 106.411 67.009
1519 ABC 143.13 67.009
1520 ABC 106.411 67.009
1521 ABC 106.411 67.009
1522 ABC 106.411 67.009
1523 ABC 106.411 67.009
1524 ABC 106.411 67.009
1525 ABC 106.411 67.009
1526 ABC 143.13 67.009
1527 ABC 106.411 67.009
1528 ABC 106.411 67.009
1529 ABC 106.411 67.009
1530 ABC 106.411 67.009
1531 ABC 106.411 67.009
1532 ABC 150 67.009
1533 ABC 106.411 67.009
1534 ABC 106.411 67.009
1535 ABC 106.411 67.009
1536 ABC 106.411 67.009
1537 ABC 106.411 67.009
1538 ABC 106.411 67.009
1539 ABC 106.411 67.009
1540 ABC 150 67.009
1541 ABC 106.411 67.009
1542 ABC 106.411 67.009
1543 ABC 106.411 67.009
1544 ABC 106.411 67.009
1545 ABC 106.411 67.009
1546 ABC 106.411 67.009
1547 ABC 106.411 67.009
1548 ABC 106.411 67.009
1549 ABC 106.411 67.009
1550 ABC 106.411 67.009
1551 ABC 106.411 67.009
1552 ABC 106.411 67.009
1553 ABC 106.411 67.009
1554 ABC 106.411 67.009
1555 ABC 106.411 67.009
1556 ABC 120.234 67.009
1557 ABC 106.411 67.009
1558 ABC 106.411 67.009
1559 ABC 106.411 67.009
1560 ABC 106.411 67.009
1561 ABC 106.411 67.009
1562 ABC 106.411 67.009
1563 ABC 106.411 67.009
1564 ABC 106.411 67.009
1565 ABC 106.411 67.009
1566 ABC 143.13 67.009
1567 ABC 106.411 67.009
1568 ABC 106.411 67.009
1569 ABC 106.411 67.009
1570 ABC 106.411 67.009
1571 ABC 106.411 67.009
1572 ABC 106.411 67.009
1573 ABC 74.832 67.009
1574 ABC 106.411 67.009
1575 ABC 106.411 67.009
1576 ABC 106.411 67.009
1577 ABC 106.411 67.009
1578 ABC 106.411 67.009
1579 ABC 106.411 67.009
1580 ABC 106.411 67.009
1581 ABC 106.411 67.009
1582 ABC 106.411 67.009
1583 ABC 106.411 67.009
1584 ABC 106.411 67.009
1585 ABC 106.411 67.009
1586 ABC 106.411 67.009
1587 ABC 106.411 67.009
1588 ABC 106.411 67.009
1589 ABC 106.411 67.009
1590 ABC 106.411 67.009
1591 ABC 106.411 67.009
1592 ABC 106.411 67.009
1593 ABC 107.728 106.411
1594 ABC 106.411 67.009
1595 ABC 106.411 67.009
1596 ABC 106.411 67.009
1597 ABC 106.411 67.009
1598 ABC 143.129 106.411
1599 ABC 106.411 67.009
1600 ABC 106.411 67.009
1601 ABC 120.234 67.009
1602 ABC 106.411 67.009
1603 ABC 106.411 67.009
1604 ABC 106.411 67.009
1605 ABC 106.411 67.009
1606 ABC 143.13 86.771
1607 ABC 106.411 67.009
1608 ABC 143.13 67.009
1609 ABC 106.411 67.009
1610 ABC 106.411 67.009
1611 ABC 106.411 67.009
1612 ABC 106.411 67.009
1613 ABC 143.13 67.009
1614 ABC 106.411 67.009
1615 ABC 150 67.009
1616 ABC 106.411 67.009
1617 ABC 107.728 67.009
1618 ABC 106.411 67.009
1619 ABC 106.411 67.009
1620 ABC 106.411 67.009
1621 ABC 106.411 67.009
1622 ABC 150 67.009
1623 ABC 143.13 67.009
1624 ABC 106.411 67.009
1625 ABC 106.411 67.009
1626 ABC 106.411 67.009
1627 ABC 106.411 67.009
1628 ABC 106.411 67.009
1629 ABC 106.411 67.009
1630 ABC 106.411 67.009
1631 ABC 106.411 67.009
1632 ABC 106.411 67.009
1633 ABC 106.411 67.009
1634 ABC 106.411 67.009
1635 ABC 106.411 67.009
1636 ABC 106.411 67.009
1637 ABC 106.411 67.009
1638 ABC 106.411 67.009
1639 ABC 106.411 67.009
1640 ABC 106.411 67.009
1641 ABC 106.411 67.009
1642 ABC 106.411 67.009
1643 ABC 106.411 67.009
1644 ABC 106.411 67.009
1645 ABC 106.411 24.498
1646 ABC 106.411 67.009
1647 ABC 106.411 67.009
1648 ABC 106.411 67.009
1649 ABC 106.411 67.009
1650 ABC 106.411 67.009
1651 ABC 120.234 67.009
1652 ABC 106.411 67.009
1653 ABC 106.411 67.009
1654 ABC 106.411 67.009
1655 ABC 106.411 67.009
1656 ABC 106.411 67.009
1657 ABC 143.13 67.009
1658 ABC 106.411 67.009
1659 ABC 106.411 67.009
1660 ABC 143.13 107.729
1661 ABC 143.13 67.009
1662 ABC 150 67.009
1663 ABC 106.411 67.009
1664 ABC 106.411 67.009
1665 ABC 143.13 64.25
1666 ABC 106.411 67.009
1667 ABC 106.411 67.009
1668 ABC 106.411 67.009
1669 ABC 106.411 67.009
1670 ABC 106.411 67.009
1671 ABC 106.411 3.104
1672 ABC 106.411 67.009
1673 ABC 106.411 67.009
1674 ABC 106.411 67.009
1675 ABC 106.411 67.009
1676 ABC 106.411 67.009
1677 ABC 106.411 67.009
1678 ABC 106.411 67.009
1679 ABC 106.411 67.009
1680 ABC 106.411 67.009
1681 ABC 106.411 67.009
1682 ABC 106.411 67.009
1683 ABC 106.411 67.009
1684 ABC 106.411 67.009
1685 ABC 106.411 67.009
1686 ABC 106.411 67.009
1687 ABC 106.411 67.009
1688 ABC 106.411 67.009
1689 ABC 106.411 67.009
1690 ABC 143.13 67.009
1691 ABC 106.411 67.009
1692 ABC 143.13 67.009
1693 ABC 106.411 67.009
1694 ABC 143.129 67.009
1695 ABC 106.411 67.009
1696 ABC 106.411 67.009
1697 ABC 106.411 67.009
1698 ABC 106.411 67.009
1699 ABC 106.411 67.009
1700 ABC 106.411 67.009
1701 ABC 106.411 67.009
1702 ABC 106.411 67.009
1703 ABC 106.411 67.009
1704 ABC 143.13 67.009
1705 ABC 106.411 67.009
1706 ABC 106.411 67.009
1707 ABC 106.411 67.009
1708 ABC 106.411 67.009
1709 ABC 106.411 67.009
1710 ABC 106.411 67.009
1711 ABC 106.411 67.009
1712 ABC 106.411 67.009
1713 ABC 106.411 67.009
1714 ABC 106.411 67.009
1715 ABC 106.411 67.009
1716 ABC 106.411 67.009
1717 ABC 143.13 67.009
1718 ABC 143.13 67.009
1719 ABC 106.411 67.009
1720 ABC 106.411 67.009
1721 ABC 106.411 67.009
1722 ABC 98.781 67.009
1723 ABC 106.411 67.009
1724 ABC 150 67.009
1725 ABC 106.411 67.009
1726 ABC 106.411 67.009
1727 ABC 106.411 67.009
1728 ABC 106.411 67.009
1729 ABC 106.411 67.009
1730 ABC 106.411 67.009
1731 ABC 106.411 67.009
1732 ABC 106.411 67.009
1733 ABC 106.411 62.114
1734 ABC 106.411 67.009
1735 ABC 106.411 67.009
1736 ABC 106.411 67.009
1737 ABC 143.13 67.009
1738 ABC 136.68 67.009
1739 ABC 106.411 67.009
1740 ABC 106.411 67.009
1741 ABC 106.411 67.009
1742 ABC 143.13 67.009
1743 ABC 106.411 67.009
1744 ABC 106.411 67.009
1745 ABC 150 67.009
1746 ABC 106.411 67.009
1747 ABC 106.411 67.009
1748 ABC 106.411 67.009
1749 ABC 106.411 67.009
1750 ABC 106.411 67.009
1751 ABC 106.411 67.009
1752 ABC 106.411 67.009
1753 ABC 143.13 67.009
1754 ABC 106.411 67.009
1755 ABC 106.411 67.009
1756 ABC 106.411 67.009
1757 ABC 143.13 67.009
1758 ABC 106.411 67.009
1759 ABC 106.411 67.009
1760 ABC 120.234 67.009
1761 ABC 98.78 0.267
1762 ABC 106.411 67.009
1763 ABC 106.411 67.009
1764 ABC 143.13 67.009
1765 ABC 106.411 67.009
1766 ABC 143.13 67.009
1767 ABC 120.234 67.009
1768 ABC 106.411 67.009
1769 ABC 106.411 57.912
1770 ABC 106.411 67.009
1771 ABC 120.234 67.009
1772 ABC 106.411 67.009
1773 ABC 106.411 67.009
1774 ABC 106.411 67.009
1775 ABC 106.411 67.009
1776 ABC 106.411 67.009
1777 ABC 106.411 67.009
1778 ABC 86.771 67.009
1779 ABC 106.411 67.009
1780 ABC 106.411 67.009
1781 ABC 106.411 67.009
1782 ABC 106.411 67.009
1783 ABC 106.411 67.009
1784 ABC 106.411 67.009
1785 ABC 106.411 67.009
1786 ABC 106.411 67.009
1787 ABC 106.411 67.009
1788 ABC 106.411 67.009
1789 ABC 106.411 67.009
1790 ABC 106.411 67.009
1791 ABC 106.411 67.009
1792 ABC 106.411 67.009
1793 ABC 106.411 67.009
1794 ABC 106.411 67.009
1795 ABC 143.13 67.009
1796 ABC 106.411 67.009
1797 ABC 106.411 67.009
1798 ABC 150 67.009
1799 ABC 106.411 67.009
1800 ABC 106.411 67.009
1801 ABC 106.411 67.009
1802 ABC 106.411 67.009
1803 ABC 106.411 67.009
1804 ABC 106.411 67.009
1805 ABC 106.411 67.009
1806 ABC 106.411 67.009
1807 ABC 106.411 67.009
1808 ABC 106.411 67.009
1809 ABC 106.411 67.009
1810 ABC 106.411 67.009
1811 ABC 143.13 67.009
1812 ABC 106.411 67.009
1813 ABC 106.411 67.009
1814 ABC 106.411 67.009
1815 ABC 106.411 67.009
1816 ABC 106.411 67.009
1817 ABC 143.13 106.411
1818 ABC 106.411 67.009
1819 ABC 106.411 67.009
1820 ABC 106.411 67.009
1821 ABC 107.728 67.009
1822 ABC 106.411 67.009
1823 ABC 106.411 67.009
1824 ABC 106.411 67.009
1825 ABC 106.411 67.009
1826 ABC 106.411 67.009
1827 ABC 106.411 67.009
1828 ABC 109.553 67.009
1829 ABC 106.411 67.009
1830 ABC 106.411 67.009
1831 ABC 106.411 67.009
1832 ABC 106.411 67.009
1833 ABC 106.411 67.009
1834 ABC 106.411 67.009
1835 ABC 106.411 67.009
1836 ABC 150 67.009
1837 ABC 150 67.009
1838 ABC 143.13 67.009
1839 ABC 106.411 31.245
1840 ABC 106.411 67.009
1841 ABC 106.411 67.009
1842 ABC 106.411 67.009
1843 ABC 106.411 67.009
1844 ABC 106.411 67.009
1845 ABC 106.411 67.009
1846 ABC 106.411 67.009
1847 ABC 106.411 67.009
1848 ABC 106.411 20.68
1849 ABC 106.411 67.009
1850 ABC 106.411 67.009
1851 ABC 106.411 67.009
1852 ABC 106.411 67.009
1853 ABC 106.411 5.815
1854 ABC 106.411 67.009
1855 ABC 106.411 67.009
1856 ABC 106.411 67.009
1857 ABC 106.411 67.009
1858 ABC 143.13 67.009
1859 ABC 106.411 67.009
1860 ABC 106.411 67.009
1861 ABC 106.411 67.009
1862 ABC 106.411 67.009
1863 ABC 87.745 67.009
1864 ABC 106.411 67.009
1865 ABC 106.411 67.009
1866 ABC 106.411 67.009
1867 ABC 106.411 67.009
1868 ABC 106.411 67.009
1869 ABC 106.411 67.009
1870 ABC 106.411 67.009
1871 ABC 106.411 67.009
1872 ABC 106.411 67.009
1873 ABC 143.13 67.009
1874 ABC 106.411 67.009
1875 ABC 106.411 67.009
1876 ABC 106.411 67.009
1877 ABC 106.411 67.009
1878 ABC 106.411 67.009
1879 ABC 106.411 67.009
1880 ABC 106.411 67.009
1881 ABC 106.411 67.009
1882 ABC 106.411 67.009
1883 ABC 106.411 67.009
1884 ABC 106.411 67.009
1885 ABC 106.411 67.009
1886 ABC 106.411 67.009
1887 ABC 106.411 67.009
1888 ABC 143.13 67.009
1889 ABC 106.411 67.009
1890 ABC 106.411 67.009
1891 ABC 150 67.009
1892 ABC 106.411 67.009
1893 ABC 106.411 67.009
1894 ABC 106.411 67.009
1895 ABC 106.411 67.009
1896 ABC 143.13 67.009
1897 ABC 143.13 67.009
1898 ABC 106.411 67.009
1899 ABC 106.411 67.009
1900 ABC 106.411 67.009
1901 ABC 106.411 67.009
1902 ABC 106.411 67.009
1903 ABC 106.411 67.009
1904 ABC 106.411 67.009
1905 ABC 143.13 49.425
1906 ABC 106.411 67.009
1907 ABC 106.411 67.009
1908 ABC 143.13 67.009
1909 ABC 106.411 67.009
1910 ABC 106.411 67.009
1911 ABC 106.411 67.009
1912 ABC 143.13 67.009
1913 ABC 143.13 67.009
1914 ABC 98.781 67.009
1915 ABC 106.411 67.009
1916 ABC 143.13 67.009
1917 ABC 106.411 67.009
1918 ABC 106.411 67.009
1919 ABC 106.411 67.009
1920 ABC 19.328 9.84
1921 ABC 106.411 67.009
1922 ABC 106.411 67.009
1923 ABC 106.411 19.328
1924 ABC 150 67.009
1925 ABC 106.411 67.009
1926 ABC 106.411 67.009
1927 ABC 143.13 24.498
1928 ABC 106.411 67.009
1929 ABC 143.13 67.009
1930 ABC 106.411 67.009
1931 ABC 106.411 67.009
1932 ABC 106.411 67.009
1933 ABC 106.411 67.009
1934 ABC 106.411 67.009
1935 ABC 106.411 67.009
1936 ABC 106.411 67.009
1937 ABC 106.411 67.009
1938 ABC 106.411 67.009
1939 ABC 143.13 67.009
1940 ABC 106.411 67.009
1941 ABC 106.411 67.009
1942 ABC 106.411 67.009
1943 ABC 106.411 67.009
1944 ABC 106.411 67.009
1945 ABC 106.411 67.009
1946 ABC 106.411 67.009
1947 ABC 106.411 67.009
1948 ABC 143.13 67.009
1949 ABC 106.411 67.009
1950 ABC 106.411 67.009
1951 ABC 106.411 67.009
1952 ABC 150 40.618
1953 ABC 106.411 67.009
1954 ABC 106.411 67.009
1955 ABC 106.411 67.009
1956 ABC 106.411 67.009
1957 ABC 106.411 67.009
1958 ABC 106.411 67.009
1959 ABC 106.411 67.009
1960 ABC 143.13 67.009
1961 ABC 106.411 67.009
1962 ABC 106.411 67.009
1963 ABC 106.411 67.009
1964 ABC 106.411 67.009
1965 ABC 106.411 67.009
1966 ABC 106.411 67.009
1967 ABC 106.411 67.009
1968 ABC 143.13 67.009
1969 ABC 143.13 67.009
1970 ABC 106.411 67.009
1971 ABC 106.411 67.009
1972 ABC 106.411 67.009
1973 ABC 106.411 67.009
1974 ABC 150 67.009
1975 ABC 106.411 67.009
1976 ABC 106.411 67.009
1977 ABC 143.13 86.771
1978 ABC 106.411 67.009
1979 ABC 106.411 67.009
1980 ABC 106.411 67.009
1981 ABC 106.411 67.009
1982 ABC 106.411 67.009
1983 ABC 86.771 67.009
1984 ABC 106.411 67.009
1985 ABC 106.411 67.009
1986 ABC 106.411 67.009
1987 ABC 106.411 67.009
1988 ABC 106.411 67.009
1989 ABC 106.411 67.009
1990 ABC 106.411 67.009
1991 ABC 106.411 67.009
1992 ABC 143.13 67.009
1993 ABC 106.411 2.994
1994 ABC 143.13 67.009
1995 ABC 106.411 67.009
1996 ABC 106.411 19.328
1997 ABC 143.13 67.009
1998 ABC 106.411 67.009
1999 ABC 106.411 67.009
2000 ABC 106.411 67.009
2001 ABC 106.411 67.009
2002 ABC 98.781 67.009
2003 ABC 106.411 67.009
2004 ABC 143.13 67.009
2005 ABC 106.411 67.009
2006 ABC 106.411 67.009
2007 ABC 106.411 67.009
2008 ABC 150 67.009
2009 ABC 106.411 67.009
2010 ABC 106.411 67.009
2011 ABC 106.411 67.009
2012 ABC 106.411 67.009
2013 ABC 106.411 67.009
2014 ABC 106.411 67.009
2015 ABC 106.411 67.009
2016 ABC 106.411 67.009
2017 ABC 120.234 67.009
2018 ABC 106.411 67.009
2019 ABC 106.411 67.009
2020 ABC 106.411 67.009
2021 ABC 143.129 67.009
2022 ABC 120.234 32.8
2023 ABC 143.13 67.009
2024 ABC 106.411 67.009
2025 ABC 106.411 67.009
2026 ABC 106.411 67.009
2027 ABC 106.411 67.009
2028 ABC 106.411 67.009
2029 ABC 106.411 67.009
2030 ABC 106.411 67.009
2031 ABC 106.411 67.009
2032 ABC 106.411 67.009
2033 ABC 143.13 67.009
2034 ABC 106.411 67.009
2035 ABC 106.411 67.009
2036 ABC 106.411 67.009
2037 ABC 106.411 67.009
2038 ABC 106.411 67.009
2039 ABC 106.411 67.009
2040 ABC 106.411 67.009
2041 ABC 120.234 67.009
2042 ABC 106.411 67.009
2043 ABC 106.411 67.009
2044 ABC 106.411 67.009
2045 ABC 107.728 67.009
2046 ABC 106.411 67.009
2047 ABC 106.411 67.009
2048 ABC 106.411 67.009
2049 ABC 106.411 67.009
2050 ABC 106.411 67.009
2051 ABC 106.411 67.009
2052 ABC 106.411 67.009
2053 ABC 106.411 67.009
2054 ABC 106.411 67.009
2055 ABC 106.411 67.009
2056 ABC 106.411 67.009
2057 ABC 106.411 67.009
2058 ABC 106.411 67.009
2059 ABC 106.411 67.009
2060 ABC 106.411 67.009
2061 ABC 106.411 67.009
2062 ABC 143.13 67.009
2063 ABC 106.411 67.009
2064 ABC 106.411 67.009
2065 ABC 106.411 67.009
2066 ABC 106.411 67.009
2067 ABC 106.411 67.009
2068 ABC 106.411 67.009
2069 ABC 106.411 67.009
2070 ABC 143.13 67.009
2071 ABC 106.411 67.009
2072 ABC 106.411 67.009
2073 ABC 143.13 67.009
2074 ABC 106.411 67.009
2075 ABC 106.411 67.009
2076 ABC 106.411 67.009
2077 ABC 106.411 67.009
2078 ABC 150 67.009
2079 ABC 106.411 67.009
2080 ABC 106.411 49.222
2081 ABC 106.411 67.009
2082 ABC 106.411 67.009
2083 ABC 106.411 67.009
2084 ABC 106.411 67.009
2085 ABC 106.411 67.009
2086 ABC 106.411 67.009
2087 ABC 106.411 67.009
2088 ABC 98.781 67.009
2089 ABC 143.13 67.009
2090 ABC 106.411 67.009
2091 ABC 106.411 67.009
2092 ABC 143.13 67.009
2093 ABC 106.411 67.009
2094 ABC 106.411 67.009
2095 ABC 106.411 67.009
2096 ABC 106.411 67.009
2097 ABC 106.411 67.009
2098 ABC 106.411 67.009
2099 ABC 106.411 67.009
2100 ABC 120.234 67.009
2101 ABC 150 67.009
2102 ABC 106.411 67.009
2103 ABC 106.411 67.009
2104 ABC 106.411 67.009
2105 ABC 147.526 67.009
2106 ABC 106.411 67.009
2107 ABC 140.182 67.009
2108 ABC 106.411 67.009
2109 ABC 106.411 67.009
2110 ABC 106.411 67.009
2111 ABC 106.411 67.009
2112 ABC 143.13 67.009
2113 ABC 106.411 67.009
2114 ABC 78.557 67.009
2115 ABC 106.411 67.009
2116 ABC 143.13 67.009
2117 ABC 143.13 67.009
2118 ABC 106.411 67.009
2119 ABC 106.411 67.009
2120 ABC 106.411 67.009
2121 ABC 106.411 67.009
2122 ABC 106.411 67.009
2123 ABC 106.411 67.009
2124 ABC 106.411 67.009
2125 ABC 143.13 67.009
2126 ABC 106.411 67.009
2127 ABC 106.411 67.009
2128 ABC 106.411 67.009
2129 ABC 106.411 67.009
2130 ABC 150 67.009
2131 ABC 106.411 67.009
2132 ABC 106.411 67.009
2133 ABC 106.411 67.009
2134 ABC 106.411 67.009
2135 ABC 96.709 67.009
2136 ABC 107.728 67.009
2137 ABC 106.411 67.009
2138 ABC 106.411 67.009
2139 ABC 106.411 67.009
2140 ABC 106.411 67.009
2141 ABC 106.411 67.009
2142 ABC 106.411 67.009
2143 ABC 106.411 67.009
2144 ABC 106.411 67.009
2145 ABC 106.411 67.009
2146 ABC 106.411 67.009
2147 ABC 106.411 67.009
2148 ABC 150 67.009
2149 ABC 106.411 67.009
2150 ABC 143.129 1.457
2151 ABC 106.411 67.009
2152 ABC 143.13 67.009
2153 ABC 106.411 67.009
2154 ABC 106.411 67.009
2155 ABC 106.411 67.009
2156 ABC 106.411 67.009
2157 ABC 106.411 67.009
2158 ABC 143.13 67.009
2159 ABC 106.411 67.009
2160 ABC 106.411 67.009
2161 ABC 106.411 67.009
2162 ABC 106.411 67.009
2163 ABC 106.411 67.009
2164 ABC 106.411 67.009
2165 ABC 106.411 67.009
2166 ABC 106.411 67.009
2167 ABC 106.411 67.009
2168 ABC 106.411 67.009
2169 ABC 106.411 67.009
2170 ABC 106.411 67.009
2171 ABC 106.411 67.009
2172 ABC 106.411 67.009
2173 ABC 106.411 67.009
2174 ABC 106.411 67.009
2175 ABC 106.411 67.009
2176 ABC 106.411 67.009
2177 ABC 106.411 67.009
2178 ABC 106.411 67.009
2179 ABC 106.411 67.009
2180 ABC 106.411 67.009
2181 ABC 143.13 67.009
2182 ABC 143.13 67.009
2183 ABC 106.411 67.009
2184 ABC 143.13 32.169
2185 ABC 106.411 67.009
2186 ABC 106.411 67.009
2187 ABC 106.411 67.009
2188 ABC 106.411 67.009
2189 ABC 106.411 67.009
2190 ABC 106.411 67.009
2191 ABC 106.411 67.009
2192 ABC 106.411 67.009
2193 ABC 106.411 32.169
2194 ABC 106.411 67.009
2195 ABC 106.411 67.009
2196 ABC 143.13 67.009
2197 ABC 106.411 67.009
2198 ABC 150 67.009
2199 ABC 106.411 67.009
2200 ABC 106.411 67.009
2201 ABC 106.411 67.009
2202 ABC 106.411 67.009
2203 ABC 106.411 67.009
2204 ABC 106.411 67.009
2205 ABC 106.411 67.009
2206 ABC 106.411 67.009
2207 ABC 143.13 67.009
2208 ABC 150 67.009
2209 ABC 106.411 67.009
2210 ABC 106.411 67.009
2211 ABC 106.411 67.009
2212 ABC 106.411 67.009
2213 ABC 150 67.009
2214 ABC 143.13 67.009
2215 ABC 106.411 67.009
2216 ABC 134.381 67.009
2217 ABC 106.411 67.009
2218 ABC 106.411 67.009
2219 ABC 106.411 67.009
2220 ABC 106.411 67.009
2221 ABC 106.411 67.009
2222 ABC 143.13 67.009
2223 ABC 106.411 67.009
2224 ABC 106.411 67.009
2225 ABC 106.411 67.009
2226 ABC 106.411 67.009
2227 ABC 106.411 67.009
2228 ABC 106.411 67.009
2229 ABC 106.411 67.009
2230 ABC 106.411 67.009
2231 ABC 106.411 67.009
2232 ABC 106.411 67.009
2233 ABC 106.411 67.009
2234 ABC 106.411 67.009
2235 ABC 106.411 67.009
2236 ABC 106.411 67.009
2237 ABC 106.411 67.009
2238 ABC 106.411 67.009
2239 ABC 106.411 67.009
2240 ABC 106.411 67.009
2241 ABC 106.411 67.009
2242 ABC 106.411 67.009
2243 ABC 106.411 67.009
2244 ABC 106.411 67.009
2245 ABC 106.411 67.009
2246 ABC 106.411 67.009
2247 ABC 106.411 67.009
2248 ABC 98.781 67.009
2249 ABC 106.411 67.009
2250 ABC 106.411 67.009
2251 ABC 106.411 67.009
2252 ABC 106.411 67.009
2253 ABC 106.411 67.009
2254 ABC 106.411 67.009
2255 ABC 106.411 67.009
2256 ABC 106.411 67.009
2257 ABC 106.411 67.009
2258 ABC 106.411 67.009
2259 ABC 106.411 67.009
2260 ABC 143.13 67.009
2261 ABC 106.411 67.009
2262 ABC 106.411 67.009
2263 ABC 106.411 49.072
2264 ABC 106.411 67.009
2265 ABC 106.411 67.009
2266 ABC 106.411 24.498
2267 ABC 106.411 67.009
2268 ABC 106.411 67.009
2269 ABC 106.411 67.009
2270 ABC 143.13 67.009
2271 ABC 106.411 67.009
2272 ABC 106.411 67.009
2273 ABC 87.745 57.827
2274 ABC 107.728 67.009
2275 ABC 106.411 67.009
2276 ABC 106.411 67.009
2277 ABC 143.13 67.009
2278 ABC 150 67.009
2279 ABC 106.411 67.009
2280 ABC 106.411 67.009
2281 ABC 106.411 57.287
2282 ABC 143.13 67.009
2283 ABC 106.411 67.009
2284 ABC 143.13 67.009
2285 ABC 106.411 86.771
2286 ABC 106.411 67.009
2287 ABC 106.411 67.009
2288 ABC 106.411 67.009
2289 ABC 106.411 67.009
2290 ABC 106.411 67.009
2291 ABC 143.13 67.009
2292 ABC 106.411 67.009
2293 ABC 106.411 67.009
2294 ABC 106.411 67.009
2295 ABC 106.411 67.009
2296 ABC 106.411 67.009
2297 ABC 106.411 67.009
2298 ABC 106.411 67.009
2299 ABC 116.888 67.009
2300 ABC 143.13 67.009
2301 ABC 106.411 67.009
2302 ABC 106.411 67.009
2303 ABC 106.411 67.009
2304 ABC 106.411 67.009
2305 ABC 106.411 67.009
2306 ABC 106.411 67.009
2307 ABC 143.13 67.009
2308 ABC 106.411 67.009
2309 ABC 106.411 67.009
2310 ABC 106.411 67.009
2311 ABC 106.411 67.009
2312 ABC 106.411 67.009
2313 ABC 106.411 67.009
2314 ABC 106.411 67.009
2315 ABC 106.411 67.009
2316 ABC 106.411 67.009
2317 ABC 106.411 67.009
2318 ABC 106.411 67.009
2319 ABC 106.411 67.009
2320 ABC 106.411 19.328
2321 ABC 106.411 67.009
2322 ABC 106.411 67.009
2323 ABC 143.13 67.009
2324 ABC 106.411 67.009
2325 ABC 106.411 67.009
2326 ABC 106.411 67.009
2327 ABC 106.411 67.009
2328 ABC 106.411 67.009
2329 ABC 106.411 67.009
2330 ABC 143.13 67.009
2331 ABC 120.234 106.411
2332 ABC 106.411 67.009
2333 ABC 106.411 67.009
2334 ABC 106.411 67.009
2335 ABC 106.411 67.009
2336 ABC 106.411 11.621
2337 ABC 106.411 67.009
2338 ABC 106.411 67.009
2339 ABC 150 67.009
2340 ABC 106.411 67.009
2341 ABC 106.411 67.009
2342 ABC 106.411 67.009
2343 ABC 106.411 67.009
2344 ABC 106.411 67.009
2345 ABC 106.411 67.009
2346 ABC 106.411 67.009
2347 ABC 106.411 67.009
2348 ABC 106.411 57.299
2349 ABC 150 67.009
2350 ABC 106.411 67.009
2351 ABC 86.771 67.009
2352 ABC 106.411 67.009
2353 ABC 106.411 67.009
2354 ABC 143.13 67.009
2355 ABC 106.411 67.009
2356 ABC 106.411 67.009
2357 ABC 106.411 67.009
2358 ABC 106.411 67.009
2359 ABC 106.411 67.009
2360 ABC 106.411 67.009
2361 ABC 106.411 67.009
2362 ABC 106.411 67.009
2363 ABC 124.266 67.009
2364 ABC 150 67.009
2365 ABC 106.411 67.009
2366 ABC 106.411 67.009
2367 ABC 106.411 67.009
2368 ABC 106.411 67.009
2369 ABC 106.411 67.009
2370 ABC 106.411 67.009
2371 ABC 106.411 67.009
2372 ABC 106.411 67.009
2373 ABC 106.411 67.009
2374 ABC 106.411 67.009
2375 ABC 106.411 67.009
2376 ABC 106.411 67.009
2377 ABC 143.13 67.009
2378 ABC 106.411 67.009
2379 ABC 106.411 67.009
2380 ABC 106.411 67.009
2381 ABC 106.411 67.009
2382 ABC 106.411 67.009
2383 ABC 143.13 67.009
2384 ABC 120.234 67.009
2385 ABC 106.411 67.009
2386 ABC 106.411 67.009
2387 ABC 143.13 136.68
2388 ABC 106.411 67.009
2389 ABC 143.13 67.009
2390 ABC 106.411 67.009
2391 ABC 106.411 67.009
2392 ABC 106.411 67.009
2393 ABC 143.13 67.009
2394 ABC 106.411 67.009
2395 ABC 143.13 67.009
2396 ABC 106.411 67.009
2397 ABC 106.411 67.009
2398 ABC 106.411 67.009
2399 ABC 106.411 67.009
2400 ABC 106.411 67.009
2401 ABC 106.411 67.009
2402 ABC 106.411 67.009
2403 ABC 106.411 67.009
2404 ABC 106.411 26.908
2405 ABC 106.411 67.009
2406 ABC 106.411 67.009
2407 ABC 106.411 67.009
2408 ABC 106.411 67.009
2409 ABC 106.411 67.009
2410 ABC 106.411 67.009
2411 ABC 150 67.009
2412 ABC 106.411 67.009
2413 ABC 106.411 67.009
2414 ABC 143.13 67.009
2415 ABC 79.518 67.009
2416 ABC 106.411 67.009
2417 ABC 106.411 67.009
2418 ABC 106.411 67.009
2419 ABC 106.411 67.009
2420 ABC 106.411 67.009
2421 ABC 106.411 67.009
2422 ABC 106.411 67.009
2423 ABC 106.411 67.009
2424 ABC 150 67.009
2425 ABC 106.411 67.009
2426 ABC 106.411 35.284
2427 ABC 106.411 67.009
2428 ABC 106.411 67.009
2429 ABC 106.411 67.009
2430 ABC 106.411 67.009
2431 ABC 106.411 67.009
2432 ABC 106.411 67.009
2433 ABC 106.411 67.009
2434 ABC 106.411 67.009
2435 ABC 106.411 67.009
2436 ABC 106.411 67.009
2437 ABC 106.411 67.009
2438 ABC 106.411 67.009
2439 ABC 106.411 67.009
2440 ABC 106.411 67.009
2441 ABC 106.411 67.009
2442 ABC 120.234 67.009
2443 ABC 106.411 67.009
2444 ABC 106.411 42.16
2445 ABC 106.411 67.009
2446 ABC 143.129 67.009
2447 ABC 106.411 67.009
2448 ABC 106.411 67.009
2449 ABC 106.411 67.009
2450 ABC 106.411 67.009
2451 ABC 106.411 67.009
2452 ABC 106.411 67.009
2453 ABC 143.13 67.009
2454 ACB 143.13 106.411
2455 ACB 143.13 87.745
2456 ACB 143.13 106.411
2457 ACB 150 106.411
2458 ACB 106.411 87.745
2459 ACB 143.13 106.411
2460 ACB 120.234 106.411
2461 ACB 143.13 106.411
2462 ACB 106.411 87.745
2463 ACB 143.13 106.411
2464 ACB 150 106.411
2465 ACB 143.13 106.411
2466 ACB 143.13 106.411
2467 ACB 107.729 106.411
2468 ACB 106.411 87.745
2469 ACB 143.13 106.411
2470 ACB 143.13 106.411
2471 ACB 106.411 17.713
2472 ACB 67.009 40.803
2473 ACB 106.411 87.745
2474 ACB 150 31.439
2475 ACB 67.009 18.402
2476 ACB 143.13 29.804
2477 ACB 106.411 87.745
2478 ACB 143.13 106.411
2479 ACB 120.234 106.411
2480 ACB 106.411 87.745
2481 ACB 67.009 1.737
2482 ACB 143.13 8.275
2483 ACB 143.13 106.411
2484 ACB 106.411 29.804
2485 ACB 143.13 106.411
2486 ACB 143.13 106.411
2487 ACB 106.411 87.745
2488 ACB 106.411 98.781
2489 ACB 106.411 87.745
2490 ACB 106.411 29.804
2491 ACB 106.411 98.781
2492 ACB 143.13 106.411
2493 ACB 150 106.411
2494 ACB 106.411 87.745
2495 ACB 143.13 87.745
2496 ACB 120.234 106.411
2497 ACB 143.13 107.728
2498 ACB 106.411 98.78
2499 ACB 143.13 106.411
2500 ACB 120.234 106.411
2501 ACB 106.411 29.804
2502 ACB 106.411 87.745
2503 ACB 143.13 106.411
2504 ACB 106.411 28.088
2505 ACB 143.13 106.411
2506 ACB 106.411 87.745
2507 ACB 106.411 87.745
2508 ACB 106.411 6.903
2509 ACB 106.411 45.879
2510 ACB 120.234 106.411
2511 ACB 143.13 106.411
2512 ACB 143.13 106.411
2513 ACB 106.411 87.745
2514 ACB 106.411 87.745
2515 ACB 143.13 106.411
2516 ACB 106.411 31.439
2517 ACB 106.411 87.745
2518 ACB 107.729 106.411
2519 ACB 106.411 87.745
2520 ACB 106.411 87.745
2521 ACB 106.411 29.804
2522 ACB 143.13 106.411
2523 ACB 67.009 32.169
2524 ACB 143.13 106.411
2525 ACB 143.13 106.411
2526 ACB 143.13 106.411
2527 ACB 67.009 18.402
2528 ACB 143.129 19.654
2529 ACB 107.729 106.411
2530 ACB 143.13 106.411
2531 ACB 143.13 106.411
2532 ACB 143.13 106.411
2533 ACB 143.13 98.781
2534 ACB 106.411 29.804
2535 ACB 143.129 120.234
2536 ACB 150 106.411
2537 ACB 150 106.411
2538 ACB 143.13 106.411
2539 ACB 143.13 106.411
2540 ACB 106.411 7.532
2541 ACB 106.411 98.781
2542 ACB 106.411 87.745
2543 ACB 143.13 120.234
2544 ACB 136.68 29.804
2545 ACB 67.009 2.253
2546 ACB 120.234 106.411
2547 ACB 106.411 98.781
2548 ACB 106.411 29.804
2549 ACB 136.68 119.056
2550 ACB 143.13 106.411
2551 ACB 106.411 87.745
2552 ACB 106.411 87.745
2553 ACB 106.411 87.745
2554 ACB 143.13 106.411
2555 ACB 143.13 87.745
2556 ACB 106.411 98.781
2557 ACB 143.13 91.311
2558 ACB 106.411 29.804
2559 ACB 143.13 87.745
2560 ACB 143.13 106.411
2561 ACB 143.13 106.411
2562 ACB 106.411 87.745
2563 ACB 67.009 34.932
2564 ACB 143.13 120.234
2565 ACB 120.234 106.411
2566 ACB 143.13 106.411
2567 ACB 120.234 31.439
2568 ACB 143.13 106.411
2569 ACB 106.411 87.745
2570 ACB 143.13 87.745
2571 ACB 107.729 106.411
2572 ACB 106.411 29.804
2573 ACB 106.411 87.745
2574 ACB 143.13 106.411
2575 ACB 143.13 106.411
2576 ACB 98.78 61.228
2577 ACB 106.411 87.745
2578 ACB 106.411 87.745
2579 ACB 106.411 45.879
2580 ACB 143.13 57.827
2581 ACB 106.411 35.328
2582 ACB 106.411 87.745
2583 ACB 107.729 106.411
2584 ACB 106.411 31.439
2585 ACB 143.13 107.728
2586 ACB 106.411 87.745
2587 ACB 106.411 87.745
2588 ACB 143.13 106.411
2589 ACB 67.009 32.169
2590 ACB 143.13 106.411
2591 ACB 150 87.745
2592 ACB 107.682 87.745
2593 ACB 106.411 87.745
2594 ACB 150 87.745
2595 ACB 143.13 106.411
2596 ACB 107.729 106.411
2597 ACB 106.411 87.745
2598 ACB 106.411 98.781
2599 ACB 150 106.411
2600 ACB 106.411 87.745
2601 ACB 106.411 67.009
2602 ACB 106.411 87.745
2603 ACB 106.411 29.804
2604 ACB 143.13 106.411
2605 ACB 106.411 87.745
2606 ACB 143.13 106.411
2607 ACB 143.13 106.411
2608 ACB 143.13 106.411
2609 ACB 120.234 106.411
2610 ACB 143.13 106.411
2611 ACB 106.411 87.745
2612 ACB 106.411 45.879
2613 ACB 106.411 1.228
2614 ACB 67.009 12.834
2615 ACB 106.411 87.745
2616 ACB 143.13 106.411
2617 ACB 107.729 106.411
2618 ACB 87.745 29.804
2619 ACB 107.729 106.411
2620 ACB 120.234 106.411
2621 ACB 106.411 87.745
2622 ACB 106.411 25.131
2623 ACB 120.234 106.411
2624 ACB 143.13 106.411
2625 ACB 143.13 106.411
2626 ACB 150 106.411
2627 ACB 106.411 58.367
2628 ACB 67.009 44.953
2629 ACB 143.13 106.411
2630 ACB 106.411 87.745
2631 ACB 106.411 87.745
2632 ACB 143.13 106.411
2633 ACB 106.411 87.745
2634 ACB 67.009 44.972
2635 ACB 106.411 87.745
2636 ACB 106.411 87.745
2637 ACB 106.411 28.554
2638 ACB 106.411 87.745
2639 ACB 143.13 99.12
2640 ACB 106.411 24.268
2641 ACB 120.234 32.169
2642 ACB 143.13 124
2643 ACB 150 106.411
2644 ACB 120.234 86.771
2645 ACB 106.411 29.804
2646 ACB 143.13 106.411
2647 ACB 106.411 87.745
2648 ACB 106.411 29.804
2649 ACB 106.411 87.745
2650 ACB 143.13 106.411
2651 ACB 106.411 44.013
2652 ACB 107.728 31.439
2653 ACB 106.411 87.745
2654 ACB 106.411 87.745
2655 ACB 143.13 106.411
2656 ACB 106.411 87.745
2657 ACB 150 87.745
2658 ACB 143.13 106.411
2659 ACB 106.411 87.745
2660 ACB 106.411 40.693
2661 ACB 67.009 49.907
2662 ACB 106.411 57.342
2663 ACB 143.13 106.411
2664 ACB 106.411 87.745
2665 ACB 150 106.411
2666 ACB 143.13 106.411
2667 ACB 106.411 87.745
2668 ACB 106.411 98.781
2669 ACB 150 106.411
2670 ACB 120.234 106.411
2671 ACB 143.13 106.411
2672 ACB 67.009 32.169
2673 ACB 106.411 87.745
2674 ACB 143.13 106.411
2675 ACB 150 31.439
2676 ACB 143.13 106.411
2677 ACB 143.13 106.411
2678 ACB 106.411 87.745
2679 ACB 150 106.411
2680 ACB 143.13 106.411
2681 ACB 106.411 87.745
2682 ACB 143.13 106.411
2683 ACB 106.411 98.781
2684 ACB 143.13 98.781
2685 ACB 120.234 87.745
2686 ACB 106.411 29.804
2687 ACB 120.234 106.411
2688 ACB 106.411 29.804
2689 ACB 143.13 106.411
2690 ACB 143.13 106.411
2691 ACB 106.411 87.745
2692 ACB 143.13 106.411
2693 ACB 106.411 43.976
2694 ACB 120.234 106.411
2695 ACB 106.411 87.745
2696 ACB 150 106.411
2697 ACB 120.234 106.411
2698 ACB 150 106.411
2699 ACB 106.411 87.745
2700 ACB 150 143.13
2701 ACB 143.13 91.311
2702 ACB 107.729 106.411
2703 ACB 120.234 106.411
2704 ACB 143.13 106.411
2705 ACB 107.729 106.411
2706 ACB 143.13 106.411
2707 ACB 107.729 106.411
2708 ACB 143.13 106.411
2709 ACB 106.411 25.948
2710 ACB 106.411 87.745
2711 ACB 107.729 106.411
2712 ACB 106.411 59.395
2713 ACB 120.234 106.411
2714 ACB 106.411 86.771
2715 ACB 150 106.411
2716 ACB 106.411 3.18
2717 ACB 139.113 106.411
2718 ACB 143.13 106.411
2719 ACB 106.411 87.745
2720 ACB 106.411 87.745
2721 ACB 107.729 106.411
2722 ACB 106.411 98.781
2723 ACB 67.009 3.19
2724 ACB 106.411 87.745
2725 ACB 106.411 98.781
2726 BCA 106.411 59.764
2727 BCA 106.411 98.78
2728 BCA 67.009 32.173
2729 BCA 143.13 106.411
2730 BCA 143.13 87.745
2731 BCA 67.009 27.531
2732 BCA 150 106.411
2733 BCA 67.009 4.813
2734 BCA 120.234 106.411
2735 BCA 107.728 98.781
2736 BCA 67.009 24.498
2737 BCA 106.411 2.382
2738 BCA 106.411 98.78
2739 BCA 106.411 87.745
2740 BCA 106.411 87.745
2741 BCA 106.411 29.804
2742 BCA 106.411 87.745
2743 BCA 143.13 106.411
2744 BCA 107.728 106.411
2745 BCA 107.728 106.411
2746 BCA 136.68 106.411
2747 BCA 106.411 87.745
2748 BCA 67.009 14.126
2749 BCA 120.234 87.745
2750 BCA 67.009 24.498
2751 BCA 143.13 106.411
2752 BCA 106.411 67.009
2753 BCA 120.234 87.745
2754 BCA 143.13 106.411
2755 BCA 106.411 87.745
2756 BCA 120.234 87.745
2757 BCA 106.411 87.745
2758 BCA 143.13 106.411
2759 BCA 106.411 29.804
2760 BCA 106.411 24.352
2761 BCA 106.411 24.941
2762 BCA 106.411 87.745
2763 BCA 106.411 87.745
2764 BCA 106.411 98.78
2765 BCA 138.717 106.411
2766 BCA 143.13 106.411
2767 BCA 106.411 45.879
2768 BCA 67.009 26.908
2769 BCA 67.009 46.344
2770 BCA 120.234 106.411
2771 BCA 143.13 106.411
2772 BCA 143.13 106.411
2773 BCA 106.411 31.439
2774 BCA 143.13 119.056
2775 BCA 143.13 107.728
2776 BCA 106.411 98.78
2777 BCA 106.411 98.78
2778 BCA 106.411 29.804
2779 BCA 120.234 106.411
2780 BCA 106.411 98.781
2781 BCA 143.13 106.411
2782 BCA 116.888 106.411
2783 BCA 67.009 24.498
2784 BCA 143.13 106.411
2785 BCA 67.009 26.908
2786 BCA 150 143.13
2787 BCA 106.411 98.78
2788 BCA 143.13 136.68
2789 BCA 106.411 87.745
2790 BCA 106.411 31.439
2791 BCA 150 106.411
2792 BCA 120.234 106.411
2793 BCA 143.13 106.411
2794 BCA 106.411 35.712
2795 BCA 106.411 87.745
2796 BCA 106.411 87.745
2797 BCA 143.13 67.009
2798 BCA 143.13 87.745
2799 BCA 106.411 45.879
2800 BCA 143.13 106.411
2801 BCA 67.009 19.328
2802 BCA 106.411 29.804
2803 BCA 106.411 87.745
2804 BCA 106.411 87.745
2805 BCA 106.411 87.745
2806 BCA 106.411 87.745
2807 BCA 107.728 106.411
2808 BCA 143.13 106.411
2809 BCA 106.411 87.745
2810 BCA 143.13 106.411
2811 BCA 107.728 106.411
2812 BCA 106.411 29.804
2813 BCA 106.411 98.78
2814 BCA 143.13 29.804
2815 BCA 106.411 21.879
2816 BCA 143.13 106.411
2817 BCA 106.411 62.188
2818 BCA 106.411 87.745
2819 BCA 67.009 9.973
2820 BCA 106.411 45.879
2821 BCA 106.411 29.804
2822 BCA 143.13 106.411
2823 BCA 143.13 106.411
2824 BCA 106.411 87.745
2825 BCA 106.411 87.745
2826 BCA 106.411 87.745
2827 BCA 106.411 31.439
2828 BCA 106.411 4.874
2829 BCA 143.13 107.728
2830 BCA 106.411 98.78
2831 BCA 150 106.411
2832 BCA 134.532 106.411
2833 BCA 106.411 87.745
2834 BCA 106.411 29.804
2835 BCA 67.009 19.328
2836 BCA 106.411 29.804
2837 BCA 67.009 48.173
2838 BCA 106.411 98.78
2839 BCA 120.234 106.411
2840 BCA 120.234 106.411
2841 BCA 143.13 106.411
2842 BCA 67.009 59.91
2843 BCA 150 106.411
2844 BCA 106.411 87.745
2845 BCA 120.234 106.411
2846 BCA 143.13 68.21
2847 BCA 106.411 28.294
2848 BCA 98.781 87.745
2849 BCA 106.411 29.804
2850 BCA 106.411 29.804
2851 BCA 106.411 87.745
2852 BCA 143.13 106.411
2853 BCA 107.728 106.411
2854 BCA 106.411 87.745
2855 BCA 106.411 87.745
2856 BCA 106.411 87.745
2857 BCA 143.13 106.411
2858 BCA 143.13 106.411
2859 BCA 143.13 106.411
2860 BCA 67.009 24.498
2861 BCA 106.411 5.644
2862 BCA 143.13 136.68
2863 BCA 143.13 106.411
2864 BCA 106.411 41.699
2865 BCA 143.13 106.411
2866 BCA 106.411 87.745
2867 BCA 106.411 87.745
2868 BCA 106.411 65.999
2869 BCA 143.13 106.411
2870 BCA 150 106.411
2871 BCA 150 87.745
2872 BCA 143.13 106.411
2873 BCA 106.411 45.879
2874 BCA 106.411 87.745
2875 BCA 106.411 2.729
2876 BCA 106.411 87.745
2877 BCA 67.009 22.638
2878 BCA 106.411 87.745
2879 BCA 67.009 24.498
2880 BCA 106.411 98.78
2881 BCA 106.411 57.492
2882 BCA 106.411 29.804
2883 BCA 143.13 106.411
2884 BCA 120.234 19.464
2885 BCA 106.411 87.745
2886 BCA 143.13 106.411
2887 BCA 143.13 136.68
2888 BCA 67.009 26.491
2889 BCA 143.13 99.984
2890 BCA 120.234 106.411
2891 BCA 143.13 68.066
2892 BCA 143.13 106.411
2893 BCA 143.13 106.411
2894 BCA 143.13 98.78
2895 BCA 106.411 87.745
2896 BCA 120.234 106.411
2897 BCA 106.411 31.439
2898 BCA 150 106.411
2899 BCA 143.13 106.411
2900 BCA 120.234 106.411
2901 BCA 143.13 106.411
2902 BCA 86.771 26.908
2903 BCA 107.728 106.411
2904 BCA 128.545 120.234
2905 BCA 67.009 3.599
2906 BCA 143.13 106.411
2907 BCA 106.411 87.745
2908 BCA 106.411 87.745
2909 BCA 143.13 106.411
2910 BCA 106.411 98.78
2911 BCA 67.009 28.146
2912 BCA 106.411 43.947
2913 BCA 106.411 81.417
2914 BCA 143.13 106.411
2915 BCA 143.13 98.781
2916 BCA 107.728 106.411
2917 BCA 106.411 98.78
2918 BCA 106.411 87.745
2919 BCA 67.009 19.328
2920 BCA 106.411 29.804
2921 BCA 106.411 29.804
2922 BCA 67.009 26.908
2923 BCA 106.411 87.745
2924 BCA 143.13 106.411
2925 BCA 143.13 106.411
2926 BCA 106.411 87.745
2927 BCA 106.411 98.78
2928 BCA 106.411 87.745
2929 BCA 106.411 98.78
2930 BCA 143.13 87.745
2931 BCA 106.411 87.745
2932 BCA 150 106.411
2933 BCA 67.009 54.492
2934 BCA 143.13 106.411
2935 BCA 67.009 3.608
2936 BCA 143.13 106.411
2937 BCA 143.13 106.411
2938 BCA 106.411 87.745
2939 BCA 106.411 87.745
2940 BCA 120.234 106.411
2941 BCA 106.411 87.745
2942 BCA 143.13 5.183
2943 BCA 106.411 29.804
2944 BCA 67.009 12.372
2945 BCA 106.411 29.804
2946 BCA 150 106.411
2947 BCA 143.13 106.411
2948 BCA 106.411 87.745
2949 BCA 149.131 106.411
2950 BCA 67.009 43.38
2951 BCA 106.411 87.745
2952 BCA 107.728 106.411
2953 BCA 106.411 87.745
2954 BCA 106.411 59.93
2955 BCA 106.411 87.745
2956 BCA 106.411 87.745
2957 BCA 143.13 106.411
2958 BCA 106.411 87.745
2959 BCA 106.411 87.745
2960 BCA 67.009 0.556
2961 BCA 106.411 87.745
2962 BCA 150 120.234
2963 BCA 106.411 87.745
2964 BCA 143.13 45.879
2965 BCA 106.411 31.439
2966 BCA 143.13 106.411
2967 BCA 106.411 87.745
2968 BCA 143.13 106.411
2969 BCA 143.13 106.411
2970 BCA 67.009 55.451
2971 BCA 106.411 5.879
2972 BCA 67.009 53.923
2973 BCA 106.411 29.599
2974 BCA 106.411 87.745
2975 BCA 120.234 87.745
2976 BCA 143.13 106.411
2977 BCA 106.411 87.745
2978 BCA 106.411 29.804
2979 BCA 143.13 106.411
2980 BCA 67.009 19.328
2981 BCA 143.13 106.411
2982 BCA 106.411 87.745
2983 BCA 106.411 87.745
2984 BCA 143.13 14.696
2985 BCA 67.009 19.328
2986 BCA 150 106.411
2987 BCA 107.728 106.411
2988 BCA 143.13 106.411
2989 BCA 67.009 2.895
2990 BCA 143.13 106.411
2991 BCA 143.13 106.411
2992 BCA 150 143.13
2993 BCA 67.009 19.328
2994 BCA 106.411 87.745
2995 BCA 67.009 24.498
2996 BCA 106.411 87.745
2997 BCA 147.829 45.879
2998 BCA 106.411 87.745
2999 BCA 120.234 106.411
3000 BCA 150 106.411
